21-Sep-2023 18:50:16 PM  Probe rad: 1.9 um  Pump rad: 3 um
Offset (microns)	R (1000000 Hz)	Theta (1000000 Hz)	R (1584890 Hz)	Theta (1584890 Hz)	R (2511890 Hz)	Theta (2511890 Hz)	R (3981070 Hz)	Theta (3981070 Hz)	R (6309570 Hz)	Theta (6309570 Hz)	R (50000000 Hz)	Theta (50000000 Hz)	
-1.5010511e+01	2.0386270e-02	-3.8481136e+01	1.7901046e-02	-4.8837982e+01	1.4198355e-02	-6.1418399e+01	1.0561442e-02	-8.2986243e+01	7.6778745e-03	-1.1403614e+02	5.4413756e-04	-1.5198501e+02
-1.4710511e+01	2.1473665e-02	-3.7418524e+01	1.8573688e-02	-4.9392208e+01	1.4628004e-02	-6.4241814e+01	1.1976654e-02	-7.9884930e+01	8.0083933e-03	-1.0676570e+02	4.4561025e-04	-4.6443688e+01
-1.4410511e+01	2.2236694e-02	-3.6550065e+01	1.8622244e-02	-4.8152219e+01	1.5322065e-02	-6.1847705e+01	1.2218636e-02	-8.3465061e+01	8.0835495e-03	-1.0773227e+02	1.3537235e-03	-9.4074707e+01
-1.4110511e+01	2.2730320e-02	-3.6489315e+01	1.9705757e-02	-4.6482159e+01	1.5892992e-02	-6.4499542e+01	1.2694682e-02	-7.8212024e+01	8.5172441e-03	-1.0416548e+02	1.0217086e-03	-8.7163263e+01
-1.3810511e+01	2.2971359e-02	-3.5299551e+01	2.0282462e-02	-4.5616407e+01	1.6282459e-02	-6.4125393e+01	1.3529693e-02	-8.1571086e+01	8.5126837e-03	-1.0333926e+02	7.3706119e-04	-7.7994032e+01
-1.3510511e+01	2.4383239e-02	-3.4768593e+01	2.1196565e-02	-4.5172394e+01	1.7678768e-02	-5.9320193e+01	1.3425725e-02	-7.3276466e+01	9.8157839e-03	-9.6737724e+01	7.0900647e-04	-3.9591354e+01
-1.3210511e+01	2.5511381e-02	-3.4356283e+01	2.1991771e-02	-4.4305536e+01	1.8279416e-02	-5.6427685e+01	1.4398940e-02	-7.4182622e+01	1.0418282e-02	-9.6072387e+01	1.5743566e-03	-1.3000218e+02
-1.2910511e+01	2.6657311e-02	-3.3394687e+01	2.2773344e-02	-4.4163218e+01	1.8056703e-02	-5.4136073e+01	1.5621167e-02	-7.4576811e+01	1.1567067e-02	-9.8078209e+01	3.3259591e-05	-6.3998429e+01
-1.2610511e+01	2.6654870e-02	-3.3227227e+01	2.3301827e-02	-4.2065040e+01	1.9735932e-02	-5.5211597e+01	1.5627918e-02	-7.2291570e+01	1.1600721e-02	-8.9638435e+01	2.4068458e-03	-8.3502843e+01
-1.2310511e+01	2.8145333e-02	-3.1373733e+01	2.4669146e-02	-4.1915159e+01	2.0717233e-02	-5.5185807e+01	1.6298693e-02	-6.9802776e+01	1.2036443e-02	-8.8621844e+01	7.7550714e-04	-5.1645199e+01
-1.2010511e+01	2.8939808e-02	-3.1634680e+01	2.4783704e-02	-4.1301670e+01	2.0916017e-02	-5.2840418e+01	1.7090374e-02	-7.0436583e+01	1.2881721e-02	-9.1325224e+01	5.3778218e-04	-1.1227242e+01
-1.1710511e+01	2.9195471e-02	-3.1064248e+01	2.6295479e-02	-4.0224964e+01	2.2435649e-02	-5.2865022e+01	1.7582341e-02	-6.9550984e+01	1.3031548e-02	-8.7915129e+01	1.6438884e-03	-1.5448262e+00
-1.1410511e+01	3.0841912e-02	-3.1316650e+01	2.7356803e-02	-3.9134999e+01	2.2548260e-02	-5.1727010e+01	1.9187239e-02	-6.7226747e+01	1.4205211e-02	-9.0740958e+01	1.4207799e-03	-5.7579943e+01
-1.1110511e+01	3.2685313e-02	-2.8511467e+01	2.8793263e-02	-3.7376483e+01	2.5936447e-02	-4.9556172e+01	2.0573990e-02	-6.4607373e+01	1.5189429e-02	-8.7688133e+01	8.9561114e-04	-1.2055678e+02
-1.0810511e+01	3.2854692e-02	-2.9174622e+01	2.9525990e-02	-3.8277006e+01	2.5490118e-02	-4.7658285e+01	2.0821439e-02	-6.3257495e+01	1.5442290e-02	-8.4400182e+01	2.0193960e-03	-8.6800177e+01
-1.0510511e+01	3.4784503e-02	-2.8205112e+01	3.1062969e-02	-3.6813121e+01	2.6816539e-02	-4.8620344e+01	2.1483040e-02	-6.3188405e+01	1.6042391e-02	-8.1986878e+01	9.1907208e-04	-3.6515899e+01
-1.0210511e+01	3.6631971e-02	-2.7028576e+01	3.2347700e-02	-3.5532805e+01	2.8824183e-02	-4.5887096e+01	2.3827701e-02	-6.2221138e+01	1.7095731e-02	-8.2831550e+01	2.3883043e-03	-3.6463553e+01
-9.9105105e+00	3.7717563e-02	-2.6301610e+01	3.3848538e-02	-3.5440847e+01	2.9772869e-02	-4.6564941e+01	2.4174261e-02	-6.0119032e+01	1.9177533e-02	-7.9501151e+01	6.8864399e-04	-1.7179452e+01
-9.6105105e+00	4.0440183e-02	-2.5692914e+01	3.6433750e-02	-3.3780034e+01	3.1405536e-02	-4.2905893e+01	2.6675669e-02	-5.7411767e+01	2.0563237e-02	-7.5945659e+01	1.4515482e-03	-1.2820090e+01
-9.3105105e+00	4.2645975e-02	-2.4302103e+01	3.8324296e-02	-3.2664563e+01	3.3593968e-02	-4.2208249e+01	2.8573374e-02	-5.6162535e+01	2.1733972e-02	-7.5635163e+01	1.1944964e-03	-1.6048384e+01
-9.0105105e+00	4.4120452e-02	-2.4258596e+01	3.9967351e-02	-3.2126316e+01	3.5320252e-02	-4.1791962e+01	3.0685299e-02	-5.4726290e+01	2.3530584e-02	-7.3721608e+01	1.7458142e-03	-6.7618335e+01
-8.7105105e+00	4.5958650e-02	-2.3811529e+01	4.1250907e-02	-3.0711682e+01	3.6086549e-02	-4.1804459e+01	3.0799725e-02	-5.4527896e+01	2.5052258e-02	-7.1766682e+01	1.0313705e-03	-2.9302611e+01
-8.4105105e+00	4.8112795e-02	-2.2943164e+01	4.4042996e-02	-3.0199252e+01	3.9283240e-02	-3.9059926e+01	3.3660114e-02	-5.0630443e+01	2.6828280e-02	-6.8955648e+01	2.4220567e-03	-7.8340527e+01
-8.1105105e+00	5.0161202e-02	-2.2308657e+01	4.6317781e-02	-2.9170842e+01	4.1256200e-02	-3.7858046e+01	3.5631413e-02	-5.0354197e+01	2.9170766e-02	-6.4709123e+01	2.0744624e-03	-4.6041612e+01
-7.8105105e+00	5.3567614e-02	-2.1204328e+01	4.9337111e-02	-2.8227553e+01	4.4057255e-02	-3.6507919e+01	3.8528584e-02	-4.7774384e+01	3.1644573e-02	-6.3937879e+01	1.4395828e-03	-6.9068210e+01
-7.5105105e+00	5.6448835e-02	-2.0006738e+01	5.1874350e-02	-2.6731085e+01	4.6549873e-02	-3.6280782e+01	4.1043223e-02	-4.6349186e+01	3.3142403e-02	-6.0559306e+01	9.6821852e-04	-1.1450218e+01
-7.2105105e+00	6.2350479e-02	-1.9437084e+01	5.7638966e-02	-2.4496790e+01	5.3060458e-02	-3.2979945e+01	4.6294101e-02	-4.3130600e+01	3.7481212e-02	-5.7472934e+01	4.4599429e-03	-1.6578995e+02
-6.9105105e+00	6.5164163e-02	-1.8452276e+01	6.0489607e-02	-2.4081247e+01	5.5222065e-02	-3.1658869e+01	4.7871512e-02	-4.3499004e+01	4.1613518e-02	-5.5610265e+01	5.6117854e-03	-1.5620081e+02
-6.6105105e+00	6.8708858e-02	-1.7791506e+01	6.4357662e-02	-2.3413332e+01	5.8471816e-02	-3.0570261e+01	5.0879823e-02	-4.1551449e+01	4.3332747e-02	-5.5240889e+01	6.4017193e-03	-1.6036587e+02
-6.3105105e+00	7.5248454e-02	-1.6679784e+01	7.0744256e-02	-2.1628055e+01	6.5837410e-02	-2.9161803e+01	5.7460237e-02	-3.8197231e+01	4.9169317e-02	-5.0813974e+01	3.6986285e-03	-1.6877238e+02
-6.0105105e+00	8.2913202e-02	-1.5780699e+01	7.7955312e-02	-2.0522359e+01	7.1932382e-02	-2.7106673e+01	6.5559026e-02	-3.5982555e+01	5.4869524e-02	-4.7810734e+01	6.9031960e-03	-1.3378926e+02
-5.7105105e+00	9.2910934e-02	-1.4474453e+01	8.7738702e-02	-1.8618113e+01	8.0539141e-02	-2.4774857e+01	7.3677119e-02	-3.3051351e+01	6.4420904e-02	-4.4118050e+01	1.0197144e-02	-1.2331857e+02
-5.4105105e+00	1.0093251e-01	-1.3319672e+01	9.5635542e-02	-1.7794597e+01	8.9513221e-02	-2.3225822e+01	8.1296543e-02	-3.0980348e+01	7.0634202e-02	-4.1276935e+01	1.1085708e-02	-1.1669218e+02
-5.1105105e+00	1.1136754e-01	-1.2524496e+01	1.0571810e-01	-1.6572679e+01	9.9104717e-02	-2.1751207e+01	9.1134128e-02	-2.8753520e+01	8.0486147e-02	-3.8427312e+01	1.5127772e-02	-9.7343462e+01
-4.8105105e+00	1.2307480e-01	-1.1402349e+01	1.1728239e-01	-1.5320359e+01	1.1022897e-01	-1.9982329e+01	1.0172624e-01	-2.6566802e+01	9.0745092e-02	-3.5654062e+01	2.0622323e-02	-9.6436007e+01
-4.5105105e+00	1.3779402e-01	-1.0485896e+01	1.3230495e-01	-1.3953454e+01	1.2516489e-01	-1.8865238e+01	1.1613612e-01	-2.4126802e+01	1.0365185e-01	-3.2638190e+01	2.4927991e-02	-9.1506109e+01
-4.2105105e+00	1.5817123e-01	-9.4950405e+00	1.5201416e-01	-1.2424740e+01	1.4593362e-01	-1.6362428e+01	1.3616818e-01	-2.2107903e+01	1.2324896e-01	-3.0228871e+01	3.4065749e-02	-8.0332277e+01
-3.9105105e+00	1.8591083e-01	-8.4019368e+00	1.7987163e-01	-1.1109655e+01	1.7278137e-01	-1.5092840e+01	1.6210663e-01	-1.9814979e+01	1.4885957e-01	-2.6770566e+01	4.9257696e-02	-7.3007831e+01
-3.6105105e+00	1.9958822e-01	-7.9993412e+00	1.9394486e-01	-1.0399450e+01	1.8634484e-01	-1.4113202e+01	1.7590149e-01	-1.9053974e+01	1.6218966e-01	-2.5521339e+01	5.6483138e-02	-7.1086782e+01
-3.3105105e+00	2.2960711e-01	-7.0471501e+00	2.2293087e-01	-9.5530659e+00	2.1478485e-01	-1.2987496e+01	2.0437159e-01	-1.7116165e+01	1.9092274e-01	-2.3113048e+01	7.2396254e-02	-6.8590564e+01
-3.0105105e+00	2.6661068e-01	-6.4458247e+00	2.6034252e-01	-8.6511296e+00	2.5181505e-01	-1.1601989e+01	2.4089874e-01	-1.5614231e+01	2.2710975e-01	-2.1395353e+01	9.5296071e-02	-6.3915768e+01
-2.7105105e+00	3.0061846e-01	-5.9081922e+00	2.9382384e-01	-7.8784717e+00	2.8495152e-01	-1.0717453e+01	2.7432048e-01	-1.4516163e+01	2.5844068e-01	-1.9604548e+01	1.1576971e-01	-6.1791978e+01
-2.4105105e+00	3.4636518e-01	-5.2520926e+00	3.3945420e-01	-7.1529187e+00	3.3136311e-01	-9.7770443e+00	3.1969506e-01	-1.3110058e+01	3.0365279e-01	-1.8263269e+01	1.4414406e-01	-6.0035568e+01
-2.1105105e+00	3.9271715e-01	-4.7975013e+00	3.8620660e-01	-6.6613905e+00	3.7650638e-01	-9.1163269e+00	3.6631036e-01	-1.2276949e+01	3.4841843e-01	-1.7255051e+01	1.7270908e-01	-5.7604553e+01
-1.8105105e+00	4.3391845e-01	-4.5229420e+00	4.2664154e-01	-6.1934186e+00	4.1758201e-01	-8.4530583e+00	4.0707787e-01	-1.1665021e+01	3.8867957e-01	-1.6158843e+01	1.9760432e-01	-5.6955333e+01
-1.5105105e+00	4.6336042e-01	-4.3681070e+00	4.5586027e-01	-5.9926577e+00	4.4674397e-01	-8.1486953e+00	4.3531732e-01	-1.1381621e+01	4.1714672e-01	-1.5828619e+01	2.1923970e-01	-5.6192948e+01
-1.2105105e+00	5.0484189e-01	-4.1016600e+00	4.9740457e-01	-5.5912009e+00	4.8909202e-01	-7.7802504e+00	4.7642947e-01	-1.0748895e+01	4.5744507e-01	-1.5129708e+01	2.4491931e-01	-5.5096660e+01
-9.1051051e-01	5.1953925e-01	-4.0135927e+00	5.1196626e-01	-5.5206179e+00	5.0315315e-01	-7.6652183e+00	4.9148300e-01	-1.0561307e+01	4.7215510e-01	-1.4829972e+01	2.5705406e-01	-5.4840232e+01
-6.1051051e-01	5.5231783e-01	-3.8920673e+00	5.4545654e-01	-5.3576267e+00	5.3571504e-01	-7.3478966e+00	5.2360840e-01	-1.0201682e+01	5.0393998e-01	-1.4450598e+01	2.7835976e-01	-5.4349494e+01
-3.1051051e-01	5.7068453e-01	-3.8228882e+00	5.6390112e-01	-5.2160970e+00	5.5328817e-01	-7.3389334e+00	5.4302950e-01	-1.0085141e+01	5.2288614e-01	-1.4350892e+01	2.8961595e-01	-5.3994042e+01
-1.0510511e-02	5.6536926e-01	-3.8152474e+00	5.5840696e-01	-5.2766771e+00	5.4872042e-01	-7.3340594e+00	5.3754814e-01	-1.0217906e+01	5.1675544e-01	-1.4357091e+01	2.8638429e-01	-5.4279354e+01
2.8948949e-01	5.6258689e-01	-3.8734197e+00	5.5578611e-01	-5.3191935e+00	5.4719244e-01	-7.3304102e+00	5.3429852e-01	-1.0173316e+01	5.1608373e-01	-1.4480030e+01	2.8554672e-01	-5.4203176e+01
5.8948949e-01	5.3900933e-01	-3.9827544e+00	5.3195905e-01	-5.4539481e+00	5.2245257e-01	-7.4918350e+00	5.1019390e-01	-1.0350627e+01	4.9106952e-01	-1.4726216e+01	2.6858686e-01	-5.3988838e+01
8.8948949e-01	5.3963436e-01	-3.9898119e+00	5.3195343e-01	-5.4646993e+00	5.2184245e-01	-7.4871671e+00	5.1114603e-01	-1.0456392e+01	4.9107229e-01	-1.4727888e+01	2.6945811e-01	-5.4360054e+01
1.1894895e+00	5.0410101e-01	-4.1456928e+00	4.9736548e-01	-5.6861698e+00	4.8747472e-01	-7.9075126e+00	4.7519151e-01	-1.0807907e+01	4.5653753e-01	-1.5204788e+01	2.4444129e-01	-5.5362380e+01
1.4894895e+00	4.6497923e-01	-4.3763074e+00	4.5840996e-01	-6.0096038e+00	4.4879047e-01	-8.2023876e+00	4.3777028e-01	-1.1299909e+01	4.1815010e-01	-1.5857436e+01	2.1789805e-01	-5.5845839e+01
1.7894895e+00	4.4493612e-01	-4.5212061e+00	4.3852623e-01	-6.1399709e+00	4.2903323e-01	-8.4934882e+00	4.1694087e-01	-1.1488858e+01	3.9854846e-01	-1.6324751e+01	2.0457536e-01	-5.6529665e+01
2.0894895e+00	3.9309056e-01	-4.9735167e+00	3.8579663e-01	-6.6378884e+00	3.7717187e-01	-9.1093624e+00	3.6620696e-01	-1.2436348e+01	3.4857653e-01	-1.7381628e+01	1.7048115e-01	-5.8667197e+01
2.3894895e+00	3.5191282e-01	-5.2500535e+00	3.4529318e-01	-7.1929063e+00	3.3615687e-01	-9.8347249e+00	3.2501914e-01	-1.3279060e+01	3.0841332e-01	-1.8541979e+01	1.4497283e-01	-6.0360225e+01
2.6894895e+00	3.2262524e-01	-5.6522471e+00	3.1595572e-01	-7.6905086e+00	3.0780614e-01	-1.0425456e+01	2.9559631e-01	-1.3955213e+01	2.8069742e-01	-1.9367856e+01	1.2716007e-01	-6.1224186e+01
2.9894895e+00	2.8080211e-01	-6.2685941e+00	2.7451229e-01	-8.3315326e+00	2.6583968e-01	-1.1408552e+01	2.5564394e-01	-1.5398041e+01	2.3977708e-01	-2.0868827e+01	9.9674534e-02	-6.3916756e+01
3.2894895e+00	2.4067625e-01	-7.1061479e+00	2.3469835e-01	-9.3485396e+00	2.2643350e-01	-1.2540702e+01	2.1606768e-01	-1.6983409e+01	2.0085638e-01	-2.2928417e+01	7.7126648e-02	-6.8084793e+01
3.5894895e+00	2.2234524e-01	-7.3908423e+00	2.1560942e-01	-9.9361292e+00	2.0666955e-01	-1.3321751e+01	1.9817987e-01	-1.7787538e+01	1.8312967e-01	-2.4164772e+01	6.6370986e-02	-7.1196175e+01
3.8894895e+00	1.7948800e-01	-8.7325333e+00	1.7315030e-01	-1.1566464e+01	1.6587439e-01	-1.5494739e+01	1.5534042e-01	-2.0587575e+01	1.4158750e-01	-2.8240021e+01	4.5173236e-02	-7.8745081e+01
4.1894895e+00	1.5676265e-01	-9.6999314e+00	1.5099623e-01	-1.2779431e+01	1.4472743e-01	-1.7032397e+01	1.3456350e-01	-2.2662893e+01	1.2172416e-01	-3.0559976e+01	3.2466682e-02	-8.2619676e+01
4.4894895e+00	1.4472135e-01	-1.0188588e+01	1.3866630e-01	-1.3830789e+01	1.3114481e-01	-1.7899057e+01	1.2295714e-01	-2.4432677e+01	1.0963276e-01	-3.2454641e+01	2.6288589e-02	-8.8455470e+01
4.7894895e+00	1.2502091e-01	-1.1400991e+01	1.1962013e-01	-1.5201534e+01	1.1278014e-01	-2.0224003e+01	1.0350080e-01	-2.7514930e+01	9.1641395e-02	-3.6478874e+01	1.8244271e-02	-9.8561740e+01
5.0894895e+00	1.0986770e-01	-1.2664257e+01	1.0454633e-01	-1.6665676e+01	9.8358505e-02	-2.1885594e+01	8.9251176e-02	-2.9138758e+01	7.8787656e-02	-3.9206544e+01	1.4442021e-02	-1.0679860e+02
5.3894895e+00	1.0012222e-01	-1.3773189e+01	9.5361131e-02	-1.7762357e+01	8.8603724e-02	-2.4143248e+01	8.0481517e-02	-3.1677816e+01	6.9796261e-02	-4.1581684e+01	1.1077151e-02	-1.0746928e+02
5.6894895e+00	8.8430159e-02	-1.4924876e+01	8.3145641e-02	-1.9428663e+01	7.6550752e-02	-2.5762458e+01	6.9320605e-02	-3.3691499e+01	5.9991028e-02	-4.6452229e+01	1.0891593e-02	-1.2806080e+02
5.9894895e+00	8.4545570e-02	-1.5581487e+01	7.9330901e-02	-2.0140798e+01	7.3358141e-02	-2.6927944e+01	6.6393881e-02	-3.5681587e+01	5.6999807e-02	-4.7073981e+01	7.2141536e-03	-1.2382522e+02
6.2894895e+00	7.5977565e-02	-1.6855248e+01	7.1702363e-02	-2.1486450e+01	6.4656113e-02	-2.8399787e+01	5.8092133e-02	-3.7958497e+01	4.8868921e-02	-4.9570674e+01	6.7665271e-03	-1.2809755e+02
6.5894895e+00	7.0938478e-02	-1.7474588e+01	6.5763971e-02	-2.2817944e+01	5.9468023e-02	-2.9905383e+01	5.2418753e-02	-4.0240116e+01	4.5265563e-02	-5.1608634e+01	3.5114749e-03	-1.5762956e+02
6.8894895e+00	6.6821898e-02	-1.8185457e+01	6.1662559e-02	-2.4116376e+01	5.6091749e-02	-3.1635227e+01	4.9134399e-02	-4.1021416e+01	4.1998791e-02	-5.4952864e+01	2.9220588e-03	-1.4774596e+02
7.1894895e+00	6.1731408e-02	-1.8772104e+01	5.7669169e-02	-2.4889551e+01	5.1814267e-02	-3.2025599e+01	4.5832600e-02	-4.2819139e+01	3.7619000e-02	-5.6811423e+01	2.5912481e-03	-1.2809446e+02
7.4894895e+00	5.8240179e-02	-1.9697974e+01	5.3603737e-02	-2.5807202e+01	4.8264688e-02	-3.4023678e+01	4.1563740e-02	-4.4033138e+01	3.4592407e-02	-5.8711452e+01	2.4184456e-03	-4.3982856e+01
7.7894895e+00	5.5979851e-02	-2.0391121e+01	5.1155066e-02	-2.7014115e+01	4.5597256e-02	-3.5700887e+01	3.8530151e-02	-4.6749214e+01	3.2560691e-02	-6.1272188e+01	2.5147172e-03	-5.2564317e+00
8.0894895e+00	5.1486793e-02	-2.1237944e+01	4.7494131e-02	-2.8379570e+01	4.2370077e-02	-3.6360612e+01	3.6115303e-02	-4.6371816e+01	2.9498926e-02	-6.2653148e+01	1.3330892e-03	-1.7875780e+02
8.3894895e+00	4.9729006e-02	-2.2045614e+01	4.5080467e-02	-2.8947667e+01	4.0259675e-02	-3.7431115e+01	3.4824976e-02	-4.9573905e+01	2.7989261e-02	-6.5651187e+01	1.7206779e-04	-5.7792247e+01
8.6894895e+00	4.7315344e-02	-2.2881042e+01	4.3254081e-02	-3.0217665e+01	3.8500780e-02	-3.7963783e+01	3.2216727e-02	-5.0413708e+01	2.6136661e-02	-6.6022265e+01	9.7718470e-04	-1.5654441e+02
8.9894895e+00	4.4958830e-02	-2.3974496e+01	4.0970562e-02	-3.0920316e+01	3.6030805e-02	-4.0554869e+01	3.0091938e-02	-5.3457181e+01	2.4306616e-02	-6.9491165e+01	8.1432017e-04	-1.2263489e+02
9.2894895e+00	4.2246538e-02	-2.4729137e+01	3.8392175e-02	-3.2244492e+01	3.4071019e-02	-4.2132681e+01	2.8240637e-02	-5.4193696e+01	2.2350629e-02	-7.2085086e+01	1.6420113e-03	-4.3868637e+01
9.5894895e+00	4.1690317e-02	-2.4890834e+01	3.7401491e-02	-3.2386085e+01	3.3230239e-02	-4.1372262e+01	2.8143078e-02	-5.6801595e+01	2.0675693e-02	-7.3994619e+01	8.1905139e-04	-9.1549983e+01
9.8894895e+00	3.9239163e-02	-2.5727507e+01	3.5315295e-02	-3.3845320e+01	3.0922196e-02	-4.4017640e+01	2.4535646e-02	-5.8849725e+01	2.0199361e-02	-7.4838297e+01	1.2212195e-04	-1.6399971e+02
1.0189489e+01	3.7097674e-02	-2.7228684e+01	3.3403418e-02	-3.4306552e+01	2.8633346e-02	-4.5648472e+01	2.3635051e-02	-5.6903630e+01	1.7880937e-02	-7.4856106e+01	1.3111974e-03	-9.2763524e+01
1.0489489e+01	3.5573054e-02	-2.7503702e+01	3.1764355e-02	-3.5505642e+01	2.7620020e-02	-4.7867874e+01	2.2725049e-02	-5.8609336e+01	1.7531887e-02	-7.9375092e+01	5.2357366e-04	-1.1866524e+02
1.0789489e+01	3.4882036e-02	-2.7595165e+01	3.0574358e-02	-3.6414458e+01	2.7420348e-02	-4.8094706e+01	2.1150119e-02	-6.3401235e+01	1.6139618e-02	-8.0131606e+01	6.0073173e-04	-1.3571632e+02
1.1089489e+01	3.3197899e-02	-2.8227555e+01	2.9909948e-02	-3.7326196e+01	2.5680664e-02	-4.8278643e+01	2.0093665e-02	-6.5297681e+01	1.4941771e-02	-7.9905050e+01	1.2407873e-03	-1.5575852e-01
1.1389489e+01	3.1765708e-02	-2.9324377e+01	2.8455307e-02	-3.7912308e+01	2.3504990e-02	-4.6752883e+01	1.9588195e-02	-6.5707173e+01	1.4816126e-02	-8.6459551e+01	2.4950011e-03	-1.1017417e+02
1.1689489e+01	3.0322236e-02	-3.1358814e+01	2.6923799e-02	-3.8894340e+01	2.3755506e-02	-5.1138543e+01	1.8849610e-02	-6.6758493e+01	1.4143709e-02	-8.6511194e+01	7.9444296e-04	-1.3844790e+02
1.1989489e+01	2.9091364e-02	-3.1320344e+01	2.5574663e-02	-4.0659058e+01	2.2074778e-02	-5.1963829e+01	1.8223357e-02	-6.8469387e+01	1.2106206e-02	-8.9909499e+01	5.4636527e-04	-1.1403188e+02
1.2289489e+01	2.8130346e-02	-3.1901285e+01	2.4481530e-02	-4.1276871e+01	2.0346186e-02	-5.3208664e+01	1.6537459e-02	-7.0084628e+01	1.2377099e-02	-8.9843234e+01	1.3994742e-03	2.4110440e+00
1.2589489e+01	2.7062699e-02	-3.2279927e+01	2.3447131e-02	-4.2451358e+01	2.0005167e-02	-5.5028249e+01	1.5249521e-02	-7.3948003e+01	1.1232047e-02	-9.0627029e+01	1.7426347e-03	-4.0236405e+01
1.2889489e+01	2.5826088e-02	-3.3601105e+01	2.2716052e-02	-4.3665083e+01	1.8424022e-02	-5.6225184e+01	1.4943836e-02	-7.0564287e+01	1.1272499e-02	-9.1253207e+01	1.2584624e-03	-1.5456348e+02
1.3189489e+01	2.5260959e-02	-3.3803852e+01	2.1942225e-02	-4.3944601e+01	1.7929755e-02	-5.9177971e+01	1.4460752e-02	-7.2720293e+01	9.4116914e-03	-1.0029347e+02	3.4688709e-04	2.2499987e+00
1.3489489e+01	2.4494034e-02	-3.4564375e+01	2.1135743e-02	-4.5426044e+01	1.7603513e-02	-5.5116638e+01	1.4126468e-02	-7.4576033e+01	9.6928521e-03	-1.0075718e+02	1.2986373e-03	-1.6138414e+02
1.3789489e+01	2.3568295e-02	-3.5274203e+01	2.0624556e-02	-4.6091995e+01	1.6155483e-02	-5.9461094e+01	1.3009309e-02	-7.6563677e+01	8.6870701e-03	-1.0365460e+02	9.8811722e-04	-7.1666437e+01
1.4089489e+01	2.2539894e-02	-3.5676438e+01	1.9201407e-02	-4.8582380e+01	1.6043440e-02	-6.0652429e+01	1.2179519e-02	-8.0556212e+01	8.3860833e-03	-1.0219773e+02	1.4494993e-03	-1.5659689e+02
1.4389489e+01	2.1793552e-02	-3.6943794e+01	1.9051183e-02	-4.7529149e+01	1.5793569e-02	-6.2204954e+01	1.1289789e-02	-7.6249840e+01	8.4329541e-03	-1.0550804e+02	1.0911003e-03	1.6107136e-01
1.4689489e+01	2.1488699e-02	-3.7119732e+01	1.8175974e-02	-4.8922885e+01	1.4298401e-02	-6.3936264e+01	1.1978396e-02	-7.6669037e+01	8.4871217e-03	-1.0743846e+02	2.0807002e-03	-7.3935057e+01
1.4989489e+01	2.0805854e-02	-3.7427504e+01	1.7348474e-02	-4.8829090e+01	1.4217436e-02	-6.3103638e+01	1.0806872e-02	-8.5342390e+01	7.3831082e-03	-1.1262515e+02	1.6270785e-03	1.3089394e+01
