21-Sep-2023 20:39:58 PM  Probe rad: 1.9 um  Pump rad: 3 um
Offset (microns)	R (1000000 Hz)	Theta (1000000 Hz)	R (1584890 Hz)	Theta (1584890 Hz)	R (2511890 Hz)	Theta (2511890 Hz)	R (3981070 Hz)	Theta (3981070 Hz)	R (6309570 Hz)	Theta (6309570 Hz)	R (50000000 Hz)	Theta (50000000 Hz)	
-1.4995495e+01	2.6683347e-02	-7.1930354e+01	1.9091910e-02	-9.1017838e+01	1.3298078e-02	-1.1817774e+02	7.8341308e-03	-1.4323928e+02	3.5780597e-03	-1.1447393e+00	2.5904202e-03	-1.0463515e+02
-1.4695495e+01	2.7604374e-02	-7.1079856e+01	2.0069601e-02	-8.9669972e+01	1.3136543e-02	-1.1461536e+02	8.2589783e-03	-1.4480085e+02	4.2022812e-03	-9.1762958e+00	1.1591169e-03	-7.9497538e+01
-1.4395495e+01	2.8600135e-02	-6.9747192e+01	2.0761527e-02	-8.8741505e+01	1.4355037e-02	-1.1417138e+02	8.1227390e-03	-1.4294564e+02	3.7484255e-03	-1.7504498e+02	2.8749639e-03	-9.5891401e+01
-1.4095495e+01	2.9157373e-02	-6.7990374e+01	2.1598919e-02	-8.7019152e+01	1.4219513e-02	-1.1219574e+02	9.1137652e-03	-1.3824216e+02	4.9696592e-03	-1.7710459e+02	1.9755011e-03	-4.8918269e+01
-1.3795495e+01	3.1101048e-02	-6.6466243e+01	2.3096095e-02	-8.4581062e+01	1.6191575e-02	-1.0785722e+02	9.5383636e-03	-1.3398180e+02	5.1591925e-03	-1.7760793e+02	4.3663250e-04	-4.4971218e+01
-1.3495495e+01	3.2302534e-02	-6.5518733e+01	2.4169575e-02	-8.3493362e+01	1.6690860e-02	-1.0559800e+02	9.9096141e-03	-1.3462796e+02	5.8171490e-03	-1.6960312e+02	1.4517859e-03	-1.1284666e+02
-1.3195495e+01	3.3935783e-02	-6.3027465e+01	2.6213369e-02	-8.1209228e+01	1.8033684e-02	-1.0534674e+02	1.0335903e-02	-1.3236526e+02	6.6185108e-03	-1.7614925e+02	2.4360488e-03	-1.4765188e+02
-1.2895495e+01	3.6205268e-02	-6.2426793e+01	2.7243074e-02	-7.9540765e+01	1.9104567e-02	-9.9923616e+01	1.2235544e-02	-1.2877277e+02	6.4563579e-03	-1.7155529e+02	7.9823642e-04	-1.6264627e+00
-1.2595495e+01	3.7610333e-02	-6.1955846e+01	2.8336231e-02	-7.8300606e+01	1.9600280e-02	-9.7986132e+01	1.2282873e-02	-1.2747988e+02	7.5705249e-03	-1.5965180e+02	1.1225709e-03	-1.2704852e+02
-1.2295495e+01	3.9215346e-02	-5.9636554e+01	3.0139817e-02	-7.6035351e+01	2.0472258e-02	-9.8547210e+01	1.3851250e-02	-1.2048206e+02	7.8945150e-03	-1.5363358e+02	5.1582155e-04	1.9194445e+01
-1.1995495e+01	4.1653843e-02	-5.7971938e+01	3.2220592e-02	-7.3672252e+01	2.2011128e-02	-9.5013343e+01	1.5576829e-02	-1.1908844e+02	8.5417687e-03	-1.5420559e+02	5.0173843e-04	-3.1516887e+01
-1.1695495e+01	4.2185352e-02	-5.8072079e+01	3.2719696e-02	-7.3596065e+01	2.3572396e-02	-9.1917888e+01	1.5389345e-02	-1.1940769e+02	8.3813872e-03	-1.4901144e+02	1.8364483e-03	-7.6766731e+01
-1.1395495e+01	4.5753235e-02	-5.5416072e+01	3.5429634e-02	-7.0969589e+01	2.6203564e-02	-9.0194532e+01	1.6835726e-02	-1.1671682e+02	1.0518753e-02	-1.4698747e+02	1.5885294e-03	-1.4686119e+02
-1.1095495e+01	4.6992420e-02	-5.4767016e+01	3.6811381e-02	-6.9789358e+01	2.7376681e-02	-8.7295396e+01	1.8222470e-02	-1.1108917e+02	1.0203831e-02	-1.4624975e+02	7.3162824e-04	-9.3328620e+01
-1.0795495e+01	4.8479048e-02	-5.3462743e+01	3.8766502e-02	-6.8863740e+01	2.7568038e-02	-8.9613758e+01	1.9245596e-02	-1.1372380e+02	1.1214833e-02	-1.4275883e+02	5.7164185e-04	3.8231278e-01
-1.0495495e+01	5.1702560e-02	-5.1895228e+01	4.0939624e-02	-6.6570550e+01	3.0211207e-02	-8.4897557e+01	2.0610893e-02	-1.0627442e+02	1.2256172e-02	-1.3323573e+02	1.5277817e-03	-6.2230592e+01
-1.0195495e+01	5.4433479e-02	-5.0603479e+01	4.3845116e-02	-6.4145229e+01	3.2659669e-02	-8.2932624e+01	2.2887375e-02	-1.0601077e+02	1.3373960e-02	-1.3414531e+02	2.8831184e-04	-8.0694509e+00
-9.8954955e+00	5.7878252e-02	-4.9120985e+01	4.6418249e-02	-6.2975814e+01	3.6143552e-02	-7.8657828e+01	2.4227293e-02	-1.0048715e+02	1.6235123e-02	-1.2841283e+02	1.8325298e-03	-8.2468459e+01
-9.5954955e+00	6.0767704e-02	-4.7689572e+01	4.9232080e-02	-6.0654685e+01	3.6830404e-02	-7.6279309e+01	2.6493681e-02	-9.7579597e+01	1.6709544e-02	-1.2467873e+02	7.0243750e-04	-1.2567070e+02
-9.2954955e+00	6.5175645e-02	-4.5887971e+01	5.3481888e-02	-5.8848940e+01	4.0377391e-02	-7.5103554e+01	2.8940001e-02	-9.5260300e+01	1.8562019e-02	-1.2182643e+02	1.5191678e-03	-9.3544394e+01
-8.9954955e+00	6.7903730e-02	-4.5074442e+01	5.5699775e-02	-5.6900789e+01	4.3002817e-02	-7.2742808e+01	3.0734284e-02	-9.1617761e+01	1.9971864e-02	-1.1680771e+02	5.2803635e-04	-1.3528435e+02
-8.6954955e+00	7.2422116e-02	-4.3361697e+01	5.9006787e-02	-5.5499950e+01	4.7085693e-02	-7.1003579e+01	3.3691453e-02	-8.9951562e+01	2.1808114e-02	-1.1469157e+02	8.8018986e-04	-1.3893268e+02
-8.3954955e+00	7.7171445e-02	-4.1634978e+01	6.4279710e-02	-5.3161772e+01	5.1033753e-02	-6.7943176e+01	3.7001164e-02	-8.6364789e+01	2.5337367e-02	-1.1075180e+02	8.3747111e-04	-1.4295170e+02
-8.0954955e+00	8.2169649e-02	-4.0083237e+01	6.8820303e-02	-5.0575068e+01	5.5067771e-02	-6.4917279e+01	4.1027966e-02	-8.3477803e+01	2.7498051e-02	-1.0414165e+02	1.1194349e-03	-6.8642166e+01
-7.7954955e+00	9.1415242e-02	-3.8092001e+01	7.7027196e-02	-4.8129437e+01	6.1930245e-02	-6.1496253e+01	4.7008259e-02	-7.8817521e+01	3.2838566e-02	-1.0004316e+02	7.8710613e-04	-4.3601489e+01
-7.4954955e+00	9.6948533e-02	-3.6235335e+01	8.2723059e-02	-4.6284323e+01	6.7407002e-02	-5.8052370e+01	5.1315246e-02	-7.4740021e+01	3.5759124e-02	-9.4155119e+01	1.4848644e-03	-2.4844442e+01
-7.1954955e+00	1.0309898e-01	-3.5166687e+01	8.8451676e-02	-4.4350634e+01	7.1977259e-02	-5.6250493e+01	5.5554867e-02	-7.2318240e+01	3.8235368e-02	-9.1307538e+01	2.2577962e-03	-3.4350074e+01
-6.8954955e+00	1.0730684e-01	-3.3984928e+01	9.2890587e-02	-4.3104888e+01	7.5152014e-02	-5.5518334e+01	5.7836233e-02	-7.0666482e+01	4.2805759e-02	-8.9066290e+01	4.1730672e-03	-1.4708902e+02
-6.5954955e+00	1.1795696e-01	-3.1951417e+01	1.0285819e-01	-4.0440107e+01	8.5143436e-02	-5.2531161e+01	6.6971943e-02	-6.5714176e+01	4.9386865e-02	-8.4414065e+01	8.3760727e-04	-1.3365255e+02
-6.2954955e+00	1.3006294e-01	-3.0065004e+01	1.1336410e-01	-3.8287730e+01	9.5339689e-02	-4.8957343e+01	7.5424039e-02	-6.2062114e+01	5.6370139e-02	-7.7749132e+01	3.6235801e-03	-1.3322078e+02
-5.9954955e+00	1.4785877e-01	-2.7464618e+01	1.3086000e-01	-3.4836459e+01	1.1198402e-01	-4.4376730e+01	9.0208432e-02	-5.6296798e+01	6.8412782e-02	-6.9651675e+01	4.4250065e-03	-1.1179019e+02
-5.6954955e+00	1.5531009e-01	-2.6654358e+01	1.3764288e-01	-3.3820521e+01	1.1767595e-01	-4.3220890e+01	9.5549913e-02	-5.4490709e+01	7.2946467e-02	-6.8075567e+01	3.2785823e-03	-9.9706210e+01
-5.3954955e+00	1.7444545e-01	-2.4314594e+01	1.5614891e-01	-3.1143557e+01	1.3422287e-01	-3.9558487e+01	1.1215290e-01	-4.9707809e+01	8.6155969e-02	-6.2079720e+01	8.0486568e-03	-1.0710141e+02
-5.0954955e+00	1.9205615e-01	-2.2839803e+01	1.7329911e-01	-2.8881810e+01	1.5219755e-01	-3.6716499e+01	1.2659836e-01	-4.5964937e+01	1.0030945e-01	-5.8155254e+01	1.3655380e-02	-8.9714034e+01
-4.7954955e+00	2.1477807e-01	-2.0952728e+01	1.9529627e-01	-2.6874326e+01	1.7193873e-01	-3.3442313e+01	1.4596525e-01	-4.2791245e+01	1.1654372e-01	-5.3118309e+01	1.4989107e-02	-8.3592765e+01
-4.4954955e+00	2.4025224e-01	-1.9324928e+01	2.2004240e-01	-2.4662462e+01	1.9570332e-01	-3.1259426e+01	1.6829834e-01	-3.9035026e+01	1.3835216e-01	-4.9049946e+01	2.3279673e-02	-8.2416837e+01
-4.1954955e+00	2.6924192e-01	-1.7831507e+01	2.4799606e-01	-2.2591951e+01	2.2289831e-01	-2.8512478e+01	1.9395050e-01	-3.6302386e+01	1.6120332e-01	-4.4945869e+01	3.1313807e-02	-8.0346853e+01
-3.8954955e+00	3.1203477e-01	-1.6054615e+01	2.8961692e-01	-2.0391051e+01	2.6313319e-01	-2.5932785e+01	2.3157507e-01	-3.2580759e+01	1.9670671e-01	-4.0736425e+01	4.6955491e-02	-7.6673683e+01
-3.5954955e+00	3.4081871e-01	-1.4992985e+01	3.1801210e-01	-1.9144337e+01	2.9039670e-01	-2.4253270e+01	2.6025255e-01	-3.0661617e+01	2.2131252e-01	-3.8291746e+01	5.7448769e-02	-7.2788803e+01
-3.2954955e+00	3.8716044e-01	-1.3682591e+01	3.6418278e-01	-1.7469567e+01	3.3526078e-01	-2.2024872e+01	3.0097336e-01	-2.7848381e+01	2.6233890e-01	-3.5235714e+01	7.3900643e-02	-7.0668605e+01
-2.9954955e+00	4.3171780e-01	-1.2699334e+01	4.0769523e-01	-1.6186014e+01	3.7870409e-01	-2.0587281e+01	3.4360386e-01	-2.5923057e+01	3.0161432e-01	-3.2796800e+01	9.2588554e-02	-6.8465476e+01
-2.6954955e+00	4.9171268e-01	-1.1560828e+01	4.6710412e-01	-1.4736223e+01	4.3641230e-01	-1.8787759e+01	3.9962400e-01	-2.3754160e+01	3.5598069e-01	-3.0240969e+01	1.2178297e-01	-6.6265601e+01
-2.3954955e+00	5.4231915e-01	-1.0782858e+01	5.1664079e-01	-1.3772019e+01	4.8571030e-01	-1.7587061e+01	4.4756905e-01	-2.2460848e+01	4.0104381e-01	-2.8590649e+01	1.4342535e-01	-6.4203808e+01
-2.0954955e+00	6.0626880e-01	-9.9237947e+00	5.7985525e-01	-1.2727614e+01	5.4813837e-01	-1.6338417e+01	5.0817145e-01	-2.0830917e+01	4.5979092e-01	-2.6603946e+01	1.7609670e-01	-6.3238606e+01
-1.7954955e+00	6.5332118e-01	-9.4203762e+00	6.2710321e-01	-1.2100802e+01	5.9393318e-01	-1.5597418e+01	5.5396557e-01	-1.9993576e+01	5.0420109e-01	-2.5593405e+01	1.9986280e-01	-6.2835697e+01
-1.4954955e+00	7.0211717e-01	-8.9526068e+00	6.7546346e-01	-1.1544280e+01	6.4201425e-01	-1.4892822e+01	6.0113481e-01	-1.9147826e+01	5.5043239e-01	-2.4590101e+01	2.2550982e-01	-6.1743483e+01
-1.1954955e+00	7.4660121e-01	-8.5615209e+00	7.1927286e-01	-1.1045097e+01	6.8580248e-01	-1.4231144e+01	6.4346278e-01	-1.8399367e+01	5.9116681e-01	-2.3654496e+01	2.4822941e-01	-6.1114198e+01
-8.9549550e-01	7.8921581e-01	-8.1835183e+00	7.6183166e-01	-1.0611582e+01	7.2675196e-01	-1.3762250e+01	6.8473747e-01	-1.7741556e+01	6.3137039e-01	-2.2993084e+01	2.7448431e-01	-6.0460739e+01
-5.9549550e-01	8.1082270e-01	-8.0403751e+00	7.8279573e-01	-1.0391026e+01	7.4789804e-01	-1.3446192e+01	7.0617956e-01	-1.7479583e+01	6.5250496e-01	-2.2605660e+01	2.8528039e-01	-6.0049335e+01
-2.9549550e-01	8.3028975e-01	-7.9257629e+00	8.0277766e-01	-1.0265278e+01	7.6738364e-01	-1.3282647e+01	7.2503623e-01	-1.7222981e+01	6.7047235e-01	-2.2281952e+01	2.9730264e-01	-5.9754069e+01
4.5045045e-03	8.3723249e-01	-7.9116773e+00	8.1029726e-01	-1.0223202e+01	7.7581602e-01	-1.3279155e+01	7.3205092e-01	-1.7220129e+01	6.7731728e-01	-2.2218384e+01	2.9927800e-01	-5.9499361e+01
3.0450450e-01	8.3627751e-01	-7.8305133e+00	8.0850880e-01	-1.0210121e+01	7.7370695e-01	-1.3212344e+01	7.3049267e-01	-1.7121205e+01	6.7582950e-01	-2.2141903e+01	2.9989140e-01	-5.9114992e+01
6.0450450e-01	8.1254902e-01	-8.0466801e+00	7.8426876e-01	-1.0440975e+01	7.5006837e-01	-1.3544163e+01	7.0610413e-01	-1.7459019e+01	6.5229489e-01	-2.2634433e+01	2.8462524e-01	-5.9338130e+01
9.0450450e-01	7.7882400e-01	-8.3252219e+00	7.5178543e-01	-1.0742951e+01	7.1735582e-01	-1.3916100e+01	6.7515814e-01	-1.7878227e+01	6.2237517e-01	-2.3157571e+01	2.6793656e-01	-6.0201115e+01
1.2045045e+00	7.5543405e-01	-8.4959667e+00	7.2878186e-01	-1.1005429e+01	6.9434464e-01	-1.4241440e+01	6.5224608e-01	-1.8264914e+01	5.9915490e-01	-2.3522774e+01	2.5322896e-01	-6.0456160e+01
1.5045045e+00	6.9636876e-01	-8.9985944e+00	6.6965588e-01	-1.1621557e+01	6.3653776e-01	-1.4909857e+01	5.9586729e-01	-1.9210050e+01	5.4363113e-01	-2.4727297e+01	2.2107231e-01	-6.1721764e+01
1.8045045e+00	6.2306934e-01	-9.8059222e+00	5.9687553e-01	-1.2601280e+01	5.6334423e-01	-1.6198637e+01	5.2490287e-01	-2.0664699e+01	4.7443564e-01	-2.6463401e+01	1.8329064e-01	-6.2929374e+01
2.1045045e+00	6.0039860e-01	-1.0057059e+01	5.7449913e-01	-1.2888044e+01	5.4170056e-01	-1.6536646e+01	5.0258873e-01	-2.1117899e+01	4.5388987e-01	-2.7145103e+01	1.6999554e-01	-6.3231031e+01
2.4045045e+00	5.3447695e-01	-1.0959791e+01	5.0853481e-01	-1.4030296e+01	4.7748896e-01	-1.7988489e+01	4.3989052e-01	-2.2812656e+01	3.9313213e-01	-2.9122149e+01	1.3949360e-01	-6.5868308e+01
2.7045045e+00	4.8145540e-01	-1.1770965e+01	4.5640975e-01	-1.5058992e+01	4.2560153e-01	-1.9183619e+01	3.8995868e-01	-2.4450950e+01	3.4566965e-01	-3.0853348e+01	1.1426518e-01	-6.6866558e+01
3.0045045e+00	4.5502158e-01	-1.2268936e+01	4.3012650e-01	-1.5747158e+01	3.9984849e-01	-2.0097361e+01	3.6476559e-01	-2.5324433e+01	3.2089309e-01	-3.2316540e+01	1.0058242e-01	-6.8995493e+01
3.3045045e+00	3.8374180e-01	-1.3886193e+01	3.6031667e-01	-1.7759004e+01	3.3178565e-01	-2.2582687e+01	2.9828217e-01	-2.8490694e+01	2.5806430e-01	-3.5911865e+01	7.0597757e-02	-7.3785800e+01
3.6045045e+00	3.5808551e-01	-1.4566465e+01	3.3562052e-01	-1.8618341e+01	3.0789053e-01	-2.3602783e+01	2.7572208e-01	-2.9708760e+01	2.3704446e-01	-3.7387481e+01	6.0389488e-02	-7.2821296e+01
3.9045045e+00	3.0400306e-01	-1.6554344e+01	2.8172368e-01	-2.0991350e+01	2.5578564e-01	-2.6762848e+01	2.2551523e-01	-3.3655274e+01	1.9037236e-01	-4.2663046e+01	4.2375556e-02	-8.0003857e+01
4.2045045e+00	2.6649912e-01	-1.8222785e+01	2.4540515e-01	-2.3094778e+01	2.1922090e-01	-2.9616026e+01	1.9113956e-01	-3.6687931e+01	1.5797028e-01	-4.6539883e+01	2.7002417e-02	-8.4659720e+01
4.5045045e+00	2.4697153e-01	-1.9237924e+01	2.2601181e-01	-2.4572884e+01	2.0151113e-01	-3.1325337e+01	1.7404477e-01	-3.9031928e+01	1.4309792e-01	-4.9184657e+01	2.1942358e-02	-8.9341930e+01
4.8045045e+00	2.2275179e-01	-2.0802834e+01	2.0222354e-01	-2.6372503e+01	1.7882950e-01	-3.3617430e+01	1.5276906e-01	-4.2212424e+01	1.2284417e-01	-5.3102848e+01	1.6825036e-02	-9.8684601e+01
5.1045045e+00	1.8852606e-01	-2.3258083e+01	1.6911954e-01	-2.9628060e+01	1.4775388e-01	-3.7676127e+01	1.2335176e-01	-4.8156890e+01	9.6619417e-02	-5.9947020e+01	9.3489747e-03	-1.0058909e+02
5.4045045e+00	1.7273007e-01	-2.4772013e+01	1.5406243e-01	-3.1542730e+01	1.3258968e-01	-4.0029161e+01	1.0966766e-01	-5.0737186e+01	8.5149685e-02	-6.4176067e+01	9.4501664e-03	-1.1018642e+02
5.7045045e+00	1.5773144e-01	-2.6467654e+01	1.4011437e-01	-3.3640753e+01	1.1911390e-01	-4.3211541e+01	9.8139677e-02	-5.3443315e+01	7.3971253e-02	-6.7655344e+01	3.4981051e-03	-8.7955012e+01
6.0045045e+00	1.4294676e-01	-2.8188863e+01	1.2572053e-01	-3.6023083e+01	1.0660995e-01	-4.5426074e+01	8.5120658e-02	-5.7885730e+01	6.4558858e-02	-7.3053069e+01	3.7347881e-03	-1.0137595e+02
6.3045045e+00	1.3371839e-01	-2.9375418e+01	1.1674443e-01	-3.7367037e+01	9.8180695e-02	-4.7570962e+01	7.8775766e-02	-6.0658617e+01	5.7969944e-02	-7.6419906e+01	2.1034598e-03	-1.0605353e+02
6.6045045e+00	1.2552943e-01	-3.0617416e+01	1.0908116e-01	-3.9058130e+01	9.0993641e-02	-4.9552962e+01	7.2509082e-02	-6.2070569e+01	5.2502017e-02	-7.8787193e+01	9.8187654e-04	-9.3161679e+01
6.9045045e+00	1.1583324e-01	-3.2282432e+01	9.9972357e-02	-4.1093142e+01	8.2663653e-02	-5.2114114e+01	6.4849381e-02	-6.5688422e+01	4.7231303e-02	-8.3817341e+01	1.4479128e-03	-8.4514094e+01
7.2045045e+00	1.0614166e-01	-3.4290018e+01	9.0604835e-02	-4.3504337e+01	7.3750122e-02	-5.4922957e+01	5.7488019e-02	-7.0541895e+01	3.9697765e-02	-8.7390515e+01	1.3705961e-03	-5.7802061e+01
7.5045045e+00	1.0056654e-01	-3.5127329e+01	8.5992041e-02	-4.4733841e+01	6.9862869e-02	-5.6736180e+01	5.3778132e-02	-7.1725010e+01	3.6570395e-02	-9.0867595e+01	6.5615528e-04	-4.0722463e+01
7.8045045e+00	9.4146193e-02	-3.6911479e+01	7.9268008e-02	-4.6896162e+01	6.3897382e-02	-6.0359788e+01	4.8062013e-02	-7.5458673e+01	3.2353780e-02	-9.4413529e+01	5.3596562e-04	-1.7431696e+02
8.1045045e+00	8.6920161e-02	-3.8464580e+01	7.3041568e-02	-4.8919329e+01	5.8308498e-02	-6.2736507e+01	4.3917979e-02	-7.9768045e+01	2.9190804e-02	-1.0037635e+02	2.5287939e-03	-7.6492984e+01
8.4045045e+00	8.3103013e-02	-3.9181273e+01	6.9085762e-02	-5.0341721e+01	5.4408573e-02	-6.4694292e+01	4.0660312e-02	-8.1266845e+01	2.6050070e-02	-1.0101913e+02	1.8192451e-03	-1.3458393e+02
8.7045045e+00	7.9627499e-02	-4.0572219e+01	6.5719246e-02	-5.1708464e+01	5.2575205e-02	-6.5611752e+01	3.8018875e-02	-8.2811425e+01	2.5515706e-02	-1.0503467e+02	1.4809344e-03	-4.2443392e+01
9.0045045e+00	7.4835912e-02	-4.1945316e+01	6.1830831e-02	-5.3931088e+01	4.8462127e-02	-6.8028768e+01	3.3947624e-02	-8.6343949e+01	2.2927957e-02	-1.0914654e+02	4.7152807e-04	-7.5354138e+01
9.3045045e+00	6.9696164e-02	-4.4030404e+01	5.7257238e-02	-5.6050620e+01	4.3922733e-02	-7.1764674e+01	3.1179225e-02	-9.1712372e+01	2.1167378e-02	-1.1478735e+02	8.9293084e-04	1.8919450e+01
9.6045045e+00	6.6168563e-02	-4.5378301e+01	5.3640909e-02	-5.7005878e+01	4.1519497e-02	-7.3601364e+01	2.9542814e-02	-9.3310646e+01	1.7857445e-02	-1.1777907e+02	2.2994306e-03	-1.8879298e+01
9.9045045e+00	6.2450859e-02	-4.6555881e+01	5.0822638e-02	-5.9350055e+01	3.8906576e-02	-7.6312615e+01	2.7284644e-02	-9.6159104e+01	1.6347950e-02	-1.2053474e+02	1.3771277e-03	-6.7430364e+01
1.0204505e+01	5.8166530e-02	-4.8330768e+01	4.6633632e-02	-6.2066155e+01	3.4583379e-02	-7.8642724e+01	2.4036119e-02	-1.0026587e+02	1.4409107e-02	-1.2797567e+02	2.1259084e-03	-7.7755978e+01
1.0504505e+01	5.5995157e-02	-5.0081818e+01	4.4794533e-02	-6.3046154e+01	3.3593348e-02	-8.1414901e+01	2.2833088e-02	-1.0078896e+02	1.2800230e-02	-1.2649747e+02	1.5518290e-03	-5.2319653e+01
1.0804505e+01	5.3276412e-02	-5.0910509e+01	4.2070101e-02	-6.4991621e+01	3.1824917e-02	-8.3001572e+01	2.1194125e-02	-1.0424782e+02	1.2711023e-02	-1.3266052e+02	5.8275625e-04	-3.5884392e+01
1.1104505e+01	5.0669929e-02	-5.2227341e+01	3.9642473e-02	-6.6903069e+01	2.8024802e-02	-8.4472062e+01	1.9929470e-02	-1.0576530e+02	1.1501527e-02	-1.3727710e+02	1.8426835e-03	-1.1454067e+02
1.1404505e+01	4.7785667e-02	-5.3791540e+01	3.7521437e-02	-6.8451769e+01	2.6286503e-02	-8.6994344e+01	1.8450796e-02	-1.0999062e+02	9.7044331e-03	-1.4034431e+02	1.4851549e-03	-5.2800668e+01
1.1704505e+01	4.3782691e-02	-5.6615387e+01	3.4221878e-02	-7.1538292e+01	2.4427467e-02	-9.1116500e+01	1.5424957e-02	-1.1394541e+02	8.5115460e-03	-1.4566661e+02	1.5647125e-03	-1.4244801e+02
1.2004505e+01	4.2347269e-02	-5.7199604e+01	3.2783705e-02	-7.2966087e+01	2.3827482e-02	-9.3002722e+01	1.5058495e-02	-1.1698890e+02	7.8579840e-03	-1.4523396e+02	9.8834969e-04	-5.1955691e+01
1.2304505e+01	3.9515746e-02	-5.9798352e+01	3.0006779e-02	-7.5832851e+01	2.1133711e-02	-9.6468981e+01	1.3997706e-02	-1.1657217e+02	7.3107470e-03	-1.5713114e+02	2.4567868e-03	-3.9005674e+01
1.2604505e+01	3.8759795e-02	-6.0066301e+01	2.9524420e-02	-7.6784923e+01	2.0908208e-02	-9.6935459e+01	1.2913851e-02	-1.2558949e+02	7.0853375e-03	-1.5512270e+02	1.5345767e-03	5.0731346e+00
1.2904505e+01	3.6749953e-02	-6.1928103e+01	2.7401086e-02	-7.9556193e+01	1.8922472e-02	-9.9955150e+01	1.1544392e-02	-1.2378697e+02	6.1471373e-03	-1.6389054e+02	9.7542293e-04	-5.8146199e+01
1.3204505e+01	3.4896344e-02	-6.3683111e+01	2.6110501e-02	-8.1060396e+01	1.8377017e-02	-1.0555906e+02	1.0322132e-02	-1.3008689e+02	6.5600610e-03	-1.5927783e+02	2.4992635e-03	-2.6360944e+01
1.3504505e+01	3.2907691e-02	-6.4592128e+01	2.4825782e-02	-8.2130997e+01	1.6937843e-02	-1.0411426e+02	1.0817214e-02	-1.3334188e+02	4.9391157e-03	-1.6229362e+02	1.0757388e-03	-1.4951369e+02
1.3804505e+01	3.1774130e-02	-6.5310607e+01	2.3640485e-02	-8.4300272e+01	1.5155561e-02	-1.0522832e+02	1.0020260e-02	-1.3310533e+02	5.3332624e-03	-1.7689548e+02	1.3381301e-03	-1.1253680e+02
1.4104505e+01	2.9800610e-02	-6.6897572e+01	2.2189667e-02	-8.5357667e+01	1.5306928e-02	-1.0971351e+02	9.3682072e-03	-1.3472941e+02	4.4826572e-03	-9.1124257e-01	1.0514344e-03	-6.9241308e+01
1.4404505e+01	2.8655468e-02	-6.8482448e+01	2.0905836e-02	-8.7137350e+01	1.4726188e-02	-1.1107745e+02	8.0825837e-03	-1.4733321e+02	4.4712472e-03	-1.7692004e+02	2.2009351e-03	-1.2272921e+02
1.4704505e+01	2.7465268e-02	-7.0303662e+01	2.0156092e-02	-8.9771834e+01	1.1528007e-02	-1.1430495e+02	7.8357557e-03	-1.4160371e+02	3.1722191e-03	-2.3990962e+00	1.1509729e-03	-6.7935349e+01
1.5004505e+01	2.6523858e-02	-7.1680183e+01	1.8749340e-02	-9.1570573e+01	1.2053025e-02	-1.1414093e+02	7.3834675e-03	-1.4892956e+02	3.8224895e-03	-1.2697076e+01	1.0633746e-03	-7.9457734e+00
