21-Sep-2023 19:10:19 PM  Probe rad: 1.9 um  Pump rad: 3 um
Offset (microns)	R (1000000 Hz)	Theta (1000000 Hz)	R (1584890 Hz)	Theta (1584890 Hz)	R (2511890 Hz)	Theta (2511890 Hz)	R (3981070 Hz)	Theta (3981070 Hz)	R (6309570 Hz)	Theta (6309570 Hz)	R (50000000 Hz)	Theta (50000000 Hz)	
-1.4927027e+01	1.9203989e-02	-3.4223800e+01	1.6158858e-02	-4.4101719e+01	1.3864467e-02	-5.6516417e+01	1.0908151e-02	-7.2583827e+01	7.9411821e-03	-9.5888663e+01	1.9420194e-03	-1.3501030e+02
-1.4627027e+01	1.9655970e-02	-3.2796845e+01	1.7566799e-02	-4.3880376e+01	1.4988982e-02	-5.4563582e+01	1.1568973e-02	-7.3523277e+01	8.1117460e-03	-9.4732976e+01	7.7978905e-04	-1.4477399e+02
-1.4327027e+01	2.0263311e-02	-3.2679812e+01	1.8027832e-02	-4.2872778e+01	1.4803173e-02	-5.4944231e+01	1.2112793e-02	-7.4495987e+01	8.7357953e-03	-9.5740400e+01	1.1689833e-03	-1.1736797e+02
-1.4027027e+01	2.0681195e-02	-3.2554686e+01	1.8119288e-02	-4.2189339e+01	1.5423590e-02	-5.2302192e+01	1.2536413e-02	-7.3158424e+01	8.3323957e-03	-9.5635945e+01	2.0894416e-03	2.0024797e+01
-1.3727027e+01	2.1085130e-02	-3.1911209e+01	1.8185630e-02	-4.1125172e+01	1.6054712e-02	-5.1663876e+01	1.2475033e-02	-7.0231330e+01	8.7332544e-03	-9.3788497e+01	1.8473466e-03	-4.2722399e+00
-1.3427027e+01	2.1988629e-02	-3.0491007e+01	1.9260304e-02	-3.8726693e+01	1.7035676e-02	-5.0771066e+01	1.2631035e-02	-7.0091690e+01	1.0368001e-02	-9.0607152e+01	8.2032517e-04	-1.4327927e+02
-1.3127027e+01	2.2833277e-02	-3.0157857e+01	2.0677600e-02	-4.0031266e+01	1.7634311e-02	-5.0940392e+01	1.4104216e-02	-6.7040199e+01	1.0643055e-02	-9.4123298e+01	8.1196266e-04	-1.5409381e+02
-1.2827027e+01	2.3162928e-02	-3.0038552e+01	2.0596326e-02	-3.8535481e+01	1.7437602e-02	-5.1952882e+01	1.4584888e-02	-6.5764294e+01	1.1105679e-02	-8.5541932e+01	1.0105439e-03	-5.6969961e+01
-1.2527027e+01	2.4376895e-02	-2.9585497e+01	2.2182776e-02	-3.7625401e+01	1.7914657e-02	-4.8851422e+01	1.5524213e-02	-6.3985255e+01	1.2083152e-02	-8.3229579e+01	2.3195511e-03	-2.6867412e+01
-1.2227027e+01	2.5350581e-02	-2.8820490e+01	2.3041877e-02	-3.6911802e+01	1.9056994e-02	-5.0936182e+01	1.5532164e-02	-6.4689944e+01	1.0547540e-02	-8.5388611e+01	7.5953408e-04	-9.0791346e+01
-1.1927027e+01	2.5851904e-02	-2.8237798e+01	2.3258712e-02	-3.6370810e+01	2.0778131e-02	-4.7869789e+01	1.6818888e-02	-6.3214295e+01	1.3181503e-02	-8.3741650e+01	1.3769155e-03	-1.7961252e+02
-1.1627027e+01	2.7018825e-02	-2.7455237e+01	2.4351307e-02	-3.5539936e+01	2.0216742e-02	-4.6469490e+01	1.7340152e-02	-5.9437033e+01	1.3802848e-02	-7.8683665e+01	6.1394281e-04	-6.7198016e+01
-1.1327027e+01	2.8075929e-02	-2.5491648e+01	2.4978980e-02	-3.4151498e+01	2.1781538e-02	-4.5076809e+01	1.7765258e-02	-6.2154396e+01	1.3725014e-02	-8.0666375e+01	5.4323583e-04	-1.7390221e+02
-1.1027027e+01	2.9257999e-02	-2.6535847e+01	2.6188243e-02	-3.4591134e+01	2.3003805e-02	-4.4457421e+01	1.9815756e-02	-5.9565597e+01	1.5114203e-02	-8.3519174e+01	7.2568393e-04	-2.1690227e+01
-1.0727027e+01	2.9948108e-02	-2.4717367e+01	2.7408029e-02	-3.3983371e+01	2.4327358e-02	-4.3994910e+01	1.9695066e-02	-5.5975580e+01	1.5514408e-02	-7.7631439e+01	2.3863171e-03	-1.7935416e+02
-1.0427027e+01	3.1310104e-02	-2.4792038e+01	2.8453885e-02	-3.3033362e+01	2.4240191e-02	-4.3199957e+01	2.1209013e-02	-5.5874879e+01	1.6944870e-02	-7.6108986e+01	1.5139824e-03	-8.5391523e+01
-1.0127027e+01	3.2453561e-02	-2.4363560e+01	2.9375760e-02	-3.2088034e+01	2.5355449e-02	-4.3539576e+01	2.2527553e-02	-5.6130678e+01	1.6977922e-02	-7.6827951e+01	4.1276876e-04	-1.0224962e+02
-9.8270270e+00	3.4211839e-02	-2.3167063e+01	3.1077228e-02	-3.0723710e+01	2.6947471e-02	-4.1905513e+01	2.3226924e-02	-5.4905364e+01	1.8781968e-02	-7.5195121e+01	2.6929324e-03	-9.4840706e+01
-9.5270270e+00	3.5858244e-02	-2.3105332e+01	3.3118488e-02	-3.0080384e+01	2.9086953e-02	-3.9165104e+01	2.4462448e-02	-5.3504649e+01	2.0089238e-02	-6.8920739e+01	2.2406676e-03	-7.2830517e+01
-9.2270270e+00	3.7681113e-02	-2.3288002e+01	3.4515251e-02	-2.8825986e+01	3.0470867e-02	-3.7731593e+01	2.5944509e-02	-5.1215234e+01	2.0296331e-02	-6.9527160e+01	1.8195764e-03	-1.7340606e+02
-8.9270270e+00	3.9074887e-02	-2.1359845e+01	3.6439972e-02	-2.7829446e+01	3.2925388e-02	-3.7425318e+01	2.7941534e-02	-4.8886891e+01	2.2525192e-02	-6.5803466e+01	9.2004842e-04	-4.5629365e+01
-8.6270270e+00	4.0807675e-02	-2.0903155e+01	3.8180478e-02	-2.7224058e+01	3.3806597e-02	-3.5462422e+01	2.9773577e-02	-4.8862784e+01	2.4038599e-02	-6.2688983e+01	1.3687043e-03	7.5682322e+00
-8.3270270e+00	4.3247560e-02	-2.0216723e+01	3.9770497e-02	-2.7082570e+01	3.5979448e-02	-3.5436673e+01	3.1443105e-02	-4.6633965e+01	2.5625855e-02	-6.1564467e+01	2.0437241e-03	-1.6435411e+02
-8.0270270e+00	4.5374663e-02	-1.9303403e+01	4.2135776e-02	-2.5774726e+01	3.8110341e-02	-3.3192588e+01	3.2999769e-02	-4.5737150e+01	2.7243404e-02	-5.9785202e+01	2.0747170e-03	-1.6767256e+02
-7.7270270e+00	4.8905723e-02	-1.8867122e+01	4.5212296e-02	-2.4458558e+01	4.0707792e-02	-3.2531060e+01	3.6327372e-02	-4.3310652e+01	3.0757888e-02	-5.9318797e+01	3.1488241e-03	-1.7987443e+02
-7.4270270e+00	5.1404781e-02	-1.7384384e+01	4.7481596e-02	-2.3707037e+01	4.2947748e-02	-3.0779474e+01	3.8291245e-02	-4.2224058e+01	3.1993715e-02	-5.6313975e+01	2.7537890e-03	-9.4506842e-01
-7.1270270e+00	5.5531229e-02	-1.7272465e+01	5.1642152e-02	-2.2512385e+01	4.6438436e-02	-2.9948433e+01	4.1783322e-02	-4.0445726e+01	3.4671666e-02	-5.3473934e+01	3.3887150e-03	-1.4120168e+02
-6.8270270e+00	5.8965068e-02	-1.6706955e+01	5.6111517e-02	-2.1600071e+01	5.0596613e-02	-2.8410458e+01	4.6041689e-02	-3.8057784e+01	3.9308794e-02	-5.0224018e+01	4.1006914e-03	-1.4458511e+02
-6.5270270e+00	6.2121344e-02	-1.5845704e+01	5.8022542e-02	-2.0584323e+01	5.3695066e-02	-2.7523442e+01	4.8422793e-02	-3.7095378e+01	4.1467978e-02	-4.9889469e+01	6.6065474e-03	-1.6221405e+02
-6.2270270e+00	6.8238210e-02	-1.4872547e+01	6.4872728e-02	-1.9522054e+01	5.9953500e-02	-2.6133428e+01	5.3849168e-02	-3.3788950e+01	4.6848310e-02	-4.7559796e+01	6.9952827e-03	-1.4210176e+02
-5.9270270e+00	7.3944420e-02	-1.3931114e+01	7.0087776e-02	-1.8022368e+01	6.4631919e-02	-2.4517407e+01	5.9937174e-02	-3.2653107e+01	5.1678152e-02	-4.4014894e+01	8.7213177e-03	-1.2342647e+02
-5.6270270e+00	7.9098949e-02	-1.2900082e+01	7.5281192e-02	-1.7408559e+01	7.1343824e-02	-2.3681116e+01	6.4861123e-02	-3.0856843e+01	5.6443577e-02	-4.0529517e+01	7.0714645e-03	-1.1607607e+02
-5.3270270e+00	8.9286400e-02	-1.1980998e+01	8.5158686e-02	-1.5831141e+01	8.0768450e-02	-2.1397675e+01	7.3275037e-02	-2.8172447e+01	6.5585127e-02	-3.7884071e+01	1.1359502e-02	-1.1644282e+02
-5.0270270e+00	9.7153610e-02	-1.1205452e+01	9.2709957e-02	-1.4824815e+01	8.7596716e-02	-2.0115847e+01	8.0910706e-02	-2.6506557e+01	7.2519426e-02	-3.5772145e+01	1.4410029e-02	-1.0639187e+02
-4.7270270e+00	1.1998239e-01	-9.5353375e+00	1.1558902e-01	-1.2810844e+01	1.0971555e-01	-1.7376898e+01	1.0369557e-01	-2.2192158e+01	9.3764825e-02	-3.1150838e+01	2.4298969e-02	-8.9891183e+01
-4.4270270e+00	1.3577534e-01	-8.6613350e+00	1.3165730e-01	-1.1706580e+01	1.2571450e-01	-1.5543725e+01	1.1832133e-01	-2.0919485e+01	1.0766297e-01	-2.8754353e+01	3.2726814e-02	-8.4395063e+01
-4.1270270e+00	1.5376193e-01	-7.9734768e+00	1.4917454e-01	-1.0480580e+01	1.4319030e-01	-1.4489927e+01	1.3628326e-01	-1.8875082e+01	1.2530634e-01	-2.5989679e+01	4.0691961e-02	-7.6210841e+01
-3.8270270e+00	1.7530259e-01	-7.2261003e+00	1.7048349e-01	-9.7793477e+00	1.6495144e-01	-1.3100498e+01	1.5741611e-01	-1.7663558e+01	1.4631788e-01	-2.4381105e+01	5.3025246e-02	-7.1685568e+01
-3.5270270e+00	1.9014139e-01	-6.7310213e+00	1.8530158e-01	-8.9725093e+00	1.7997565e-01	-1.2429238e+01	1.7150926e-01	-1.6470964e+01	1.6012944e-01	-2.2522886e+01	6.0484236e-02	-6.8984229e+01
-3.2270270e+00	2.0375896e-01	-6.3816162e+00	1.9966215e-01	-8.6488243e+00	1.9319008e-01	-1.1666953e+01	1.8685582e-01	-1.5745849e+01	1.7378657e-01	-2.2100730e+01	7.1017291e-02	-6.6956113e+01
-2.9270270e+00	2.4561352e-01	-5.6740769e+00	2.4075411e-01	-7.5872563e+00	2.3423847e-01	-1.0514452e+01	2.2693231e-01	-1.3954410e+01	2.1405543e-01	-1.9639625e+01	9.4213175e-02	-6.2775647e+01
-2.6270270e+00	3.0095009e-01	-4.7831032e+00	2.9620210e-01	-6.5443646e+00	2.8953737e-01	-8.9322402e+00	2.8094234e-01	-1.2265386e+01	2.6837924e-01	-1.7539787e+01	1.3060495e-01	-5.9613380e+01
-2.3270270e+00	3.1356529e-01	-4.6957468e+00	3.0834819e-01	-6.3902067e+00	3.0284159e-01	-8.9403620e+00	2.9346580e-01	-1.2199437e+01	2.8020362e-01	-1.7336326e+01	1.3661345e-01	-5.9592926e+01
-2.0270270e+00	3.6295657e-01	-4.2401546e+00	3.5726337e-01	-5.8215841e+00	3.4999724e-01	-8.1125047e+00	3.4214451e-01	-1.1079669e+01	3.2792674e-01	-1.6087465e+01	1.6909295e-01	-5.6517284e+01
-1.7270270e+00	4.0050435e-01	-3.9777514e+00	3.9581448e-01	-5.4718297e+00	3.8935680e-01	-7.6232447e+00	3.8066684e-01	-1.0426594e+01	3.6556825e-01	-1.5255652e+01	1.9364026e-01	-5.4541487e+01
-1.4270270e+00	4.3821182e-01	-3.7210361e+00	4.3304827e-01	-5.1680127e+00	4.2553885e-01	-7.1437760e+00	4.1809193e-01	-9.9124537e+00	4.0358271e-01	-1.4435550e+01	2.2028925e-01	-5.4032892e+01
-1.1270270e+00	4.6270732e-01	-3.6368244e+00	4.5776054e-01	-5.0034513e+00	4.5009793e-01	-6.8568231e+00	4.4221705e-01	-9.7310262e+00	4.2693499e-01	-1.3988829e+01	2.3707208e-01	-5.3614448e+01
-8.2702703e-01	4.8994309e-01	-3.4424294e+00	4.8460919e-01	-4.8320948e+00	4.7814907e-01	-6.7836022e+00	4.6908313e-01	-9.3732289e+00	4.5328035e-01	-1.3726217e+01	2.5549764e-01	-5.3231674e+01
-5.2702703e-01	5.1212955e-01	-3.3036781e+00	5.0731815e-01	-4.6644591e+00	5.0020558e-01	-6.4917748e+00	4.9176411e-01	-9.1340511e+00	4.7582983e-01	-1.3452545e+01	2.7185280e-01	-5.2465574e+01
-2.2702703e-01	5.2679194e-01	-3.2546880e+00	5.2175764e-01	-4.5879108e+00	5.1402721e-01	-6.4637251e+00	5.0629654e-01	-8.9452393e+00	4.9094559e-01	-1.3280170e+01	2.8075533e-01	-5.2820955e+01
7.2972973e-02	5.2852787e-01	-3.2479162e+00	5.2311557e-01	-4.5956042e+00	5.1523417e-01	-6.4496126e+00	5.0722434e-01	-8.9795974e+00	4.9176810e-01	-1.3225687e+01	2.8278552e-01	-5.2555068e+01
3.7297297e-01	5.2097872e-01	-3.2931754e+00	5.1533638e-01	-4.6295837e+00	5.0865942e-01	-6.4453985e+00	4.9944749e-01	-9.1743491e+00	4.8498812e-01	-1.3286684e+01	2.7730351e-01	-5.2532651e+01
6.7297297e-01	5.0812874e-01	-3.3570076e+00	5.0352711e-01	-4.7126192e+00	4.9669122e-01	-6.5767574e+00	4.8785984e-01	-9.1605139e+00	4.7147767e-01	-1.3497642e+01	2.6817829e-01	-5.2967935e+01
9.7297297e-01	4.8791856e-01	-3.4649671e+00	4.8280978e-01	-4.8178371e+00	4.7511034e-01	-6.7107489e+00	4.6772892e-01	-9.5051269e+00	4.5117784e-01	-1.3753981e+01	2.5313672e-01	-5.3322545e+01
1.2729730e+00	4.4574408e-01	-3.5774309e+00	4.4082146e-01	-5.0230489e+00	4.3388099e-01	-7.0598943e+00	4.2612829e-01	-9.7525489e+00	4.1068812e-01	-1.4254120e+01	2.2687945e-01	-5.4282072e+01
1.5729730e+00	4.1333677e-01	-3.8200573e+00	4.0830834e-01	-5.3030839e+00	4.0072959e-01	-7.3223234e+00	3.9347736e-01	-1.0210633e+01	3.7942340e-01	-1.4913117e+01	2.0215295e-01	-5.5080374e+01
1.8729730e+00	3.9400137e-01	-3.9468527e+00	3.8916464e-01	-5.5167324e+00	3.8216142e-01	-7.7269152e+00	3.7444382e-01	-1.0595903e+01	3.5989323e-01	-1.5439226e+01	1.8871885e-01	-5.5725854e+01
2.1729730e+00	3.4901203e-01	-4.2876361e+00	3.4343338e-01	-5.9104626e+00	3.3692186e-01	-8.2867616e+00	3.2863756e-01	-1.1345279e+01	3.1489559e-01	-1.6295769e+01	1.5848589e-01	-5.7081135e+01
2.4729730e+00	3.0498222e-01	-4.7848057e+00	3.0032657e-01	-6.5518904e+00	2.9307425e-01	-8.9675720e+00	2.8511646e-01	-1.2255218e+01	2.7190634e-01	-1.7446882e+01	1.3001337e-01	-5.8589065e+01
2.7729730e+00	2.7456534e-01	-5.0850875e+00	2.6976594e-01	-6.8896784e+00	2.6422719e-01	-9.6046951e+00	2.5518222e-01	-1.3016470e+01	2.4326952e-01	-1.8251936e+01	1.1396746e-01	-6.1879922e+01
3.0729730e+00	2.4421386e-01	-5.5348421e+00	2.3980499e-01	-7.6271820e+00	2.3307515e-01	-1.0085601e+01	2.2444828e-01	-1.4207014e+01	2.1332956e-01	-1.9815967e+01	9.4207958e-02	-6.4540451e+01
3.3729730e+00	2.1217483e-01	-5.9671876e+00	2.0793488e-01	-8.3870442e+00	2.0113169e-01	-1.1159851e+01	1.9375614e-01	-1.5317551e+01	1.8095027e-01	-2.1508256e+01	7.3358965e-02	-6.5277843e+01
3.6729730e+00	1.9210984e-01	-6.5803393e+00	1.8725736e-01	-8.8121060e+00	1.8188507e-01	-1.2158553e+01	1.7334948e-01	-1.6413632e+01	1.6215645e-01	-2.3117302e+01	6.1992067e-02	-7.0612606e+01
3.9729730e+00	1.5914612e-01	-7.8999757e+00	1.5453758e-01	-1.0403642e+01	1.4874743e-01	-1.3936958e+01	1.4262648e-01	-1.9336747e+01	1.3061767e-01	-2.5877709e+01	4.4189871e-02	-7.5767365e+01
4.2729730e+00	1.3370775e-01	-8.7758122e+00	1.2964161e-01	-1.1731199e+01	1.2410587e-01	-1.5471582e+01	1.1718389e-01	-2.1155128e+01	1.0632674e-01	-2.9361640e+01	3.0600698e-02	-8.2829096e+01
4.5729730e+00	1.1697836e-01	-9.5486684e+00	1.1315920e-01	-1.2915575e+01	1.0829526e-01	-1.7301105e+01	1.0128355e-01	-2.3230116e+01	9.0831852e-02	-3.1613899e+01	2.4342232e-02	-9.6214715e+01
4.8729730e+00	1.0468212e-01	-1.0380825e+01	1.0021164e-01	-1.3965053e+01	9.5165852e-02	-1.8757181e+01	8.8997728e-02	-2.5097619e+01	7.9568216e-02	-3.4117679e+01	1.8431369e-02	-1.0398047e+02
5.1729730e+00	9.5597200e-02	-1.1205655e+01	9.1228364e-02	-1.5013656e+01	8.6479656e-02	-2.0478678e+01	7.9859425e-02	-2.6596748e+01	7.1488487e-02	-3.6902955e+01	1.4211009e-02	-1.1300904e+02
5.4729730e+00	8.3136670e-02	-1.2506589e+01	7.9128386e-02	-1.6261758e+01	7.4535005e-02	-2.1863168e+01	6.7300597e-02	-2.9075154e+01	6.0758449e-02	-4.0285874e+01	1.1005329e-02	-1.2192710e+02
5.7729730e+00	7.7024874e-02	-1.3098000e+01	7.2985847e-02	-1.7502383e+01	6.8612477e-02	-2.3594983e+01	6.2553321e-02	-3.0587158e+01	5.4440101e-02	-4.2058457e+01	8.6777825e-03	-1.1575889e+02
6.0729730e+00	6.9061553e-02	-1.4288358e+01	6.5993221e-02	-1.9245887e+01	6.0220694e-02	-2.5464205e+01	5.4402943e-02	-3.3554441e+01	4.7614475e-02	-4.4787439e+01	4.4698504e-03	-1.4681478e+02
6.3729730e+00	6.5001954e-02	-1.5442429e+01	6.0827751e-02	-1.9758128e+01	5.5890534e-02	-2.6251254e+01	5.0378437e-02	-3.6446857e+01	4.3572075e-02	-4.7875916e+01	7.2132724e-03	-1.3522586e+02
6.6729730e+00	6.1400826e-02	-1.5224966e+01	5.7538731e-02	-2.0301652e+01	5.4241694e-02	-2.7662600e+01	4.8067194e-02	-3.7107057e+01	4.2353033e-02	-4.9185044e+01	5.2128480e-03	-1.6191384e+02
6.9729730e+00	5.9387474e-02	-1.5925062e+01	5.5764500e-02	-2.0919191e+01	5.1691087e-02	-2.8546438e+01	4.6258997e-02	-3.7480699e+01	3.9852268e-02	-5.0177384e+01	3.8940145e-03	-1.7084909e+02
7.2729730e+00	5.3899294e-02	-1.7110079e+01	5.0575415e-02	-2.2362156e+01	4.6662345e-02	-3.0272399e+01	4.1509931e-02	-3.9157062e+01	3.3909164e-02	-5.3470932e+01	2.5371099e-03	-1.5740391e+02
7.5729730e+00	5.1627009e-02	-1.7609462e+01	4.7472467e-02	-2.3092496e+01	4.3016692e-02	-3.1373044e+01	3.7939132e-02	-4.1511526e+01	3.2874542e-02	-5.4652844e+01	2.9052646e-03	-1.4708511e+02
7.8729730e+00	4.8983891e-02	-1.8492044e+01	4.5511496e-02	-2.4409579e+01	4.1277379e-02	-3.1697743e+01	3.6455859e-02	-4.3580719e+01	3.0448732e-02	-5.6895883e+01	1.7059655e-03	-1.2079486e+02
8.1729730e+00	4.6104443e-02	-1.9114202e+01	4.3026013e-02	-2.5219516e+01	3.8363730e-02	-3.2210587e+01	3.3323518e-02	-4.3786275e+01	2.7772261e-02	-5.5029173e+01	1.8869689e-03	-1.7738953e+02
8.4729730e+00	4.4894717e-02	-1.9455659e+01	4.1043194e-02	-2.6047564e+01	3.6830794e-02	-3.4907271e+01	3.2170512e-02	-4.3675783e+01	2.6619826e-02	-5.9339305e+01	2.2112512e-03	-9.2860856e+00
8.7729730e+00	4.1874461e-02	-2.0275789e+01	3.8044762e-02	-2.6765773e+01	3.4590310e-02	-3.4864545e+01	3.0727981e-02	-4.5718573e+01	2.4433731e-02	-6.2854228e+01	1.3327511e-03	-7.7209139e+00
9.0729730e+00	3.9804963e-02	-2.0676524e+01	3.6605463e-02	-2.7614728e+01	3.2846460e-02	-3.5748472e+01	2.8500909e-02	-4.8325740e+01	2.3273893e-02	-6.4401223e+01	9.6337754e-04	-2.6991917e+01
9.3729730e+00	3.7777660e-02	-2.1826726e+01	3.4297581e-02	-2.8292416e+01	3.0557534e-02	-3.7580161e+01	2.7005460e-02	-4.8645848e+01	2.1095398e-02	-6.3042232e+01	4.0004216e-04	-8.6170567e+01
9.6729730e+00	3.7027244e-02	-2.2095282e+01	3.3622434e-02	-2.9773012e+01	3.0616855e-02	-3.9056353e+01	2.5967018e-02	-5.2261802e+01	2.0297796e-02	-6.6905800e+01	2.4107794e-03	-2.7221287e+00
9.9729730e+00	3.4942913e-02	-2.2129222e+01	3.1820437e-02	-2.9044429e+01	2.8575708e-02	-4.0002941e+01	2.4388543e-02	-5.1364900e+01	1.9407050e-02	-6.7227460e+01	6.4171557e-04	-1.1162934e+01
1.0272973e+01	3.3794427e-02	-2.4013571e+01	3.0649929e-02	-3.0532587e+01	2.7397272e-02	-4.0133225e+01	2.2594522e-02	-5.3411846e+01	1.7864141e-02	-7.1061680e+01	9.2407051e-04	-1.2725608e+02
1.0572973e+01	3.1757931e-02	-2.4405416e+01	2.8817215e-02	-3.1901809e+01	2.5454809e-02	-4.2143155e+01	2.1638579e-02	-5.5815468e+01	1.6409389e-02	-7.2739045e+01	2.4750548e-03	-1.0361912e+02
1.0872973e+01	3.0724011e-02	-2.4873132e+01	2.8159914e-02	-3.2202302e+01	2.4267146e-02	-4.2469994e+01	2.0794114e-02	-5.4949206e+01	1.6168398e-02	-7.2532903e+01	8.5732135e-04	-1.0529263e+01
1.1172973e+01	2.9207718e-02	-2.5002411e+01	2.6286234e-02	-3.3381088e+01	2.3514435e-02	-4.3490040e+01	1.8854655e-02	-5.8559086e+01	1.4623110e-02	-7.3608248e+01	1.1228055e-03	-6.5779044e+01
1.1472973e+01	2.8487834e-02	-2.6645912e+01	2.5313074e-02	-3.4612172e+01	2.1918515e-02	-4.4068483e+01	1.7908210e-02	-5.9545744e+01	1.4979978e-02	-7.8895147e+01	1.3177726e-03	-2.5975710e+01
1.1772973e+01	2.7096836e-02	-2.7613569e+01	2.4356696e-02	-3.5350449e+01	2.0257973e-02	-4.6452569e+01	1.7803732e-02	-5.8255798e+01	1.3242620e-02	-8.0859509e+01	1.5889066e-03	-1.4651853e+02
1.2072973e+01	2.6502108e-02	-2.7601320e+01	2.3418752e-02	-3.5824006e+01	2.0159777e-02	-4.9934853e+01	1.7295812e-02	-6.2128879e+01	1.3029768e-02	-8.2905550e+01	8.8351566e-04	-1.3937432e+02
1.2372973e+01	2.5517621e-02	-2.8572576e+01	2.2358719e-02	-3.7069556e+01	1.8973966e-02	-4.7402028e+01	1.6442962e-02	-6.5060835e+01	1.2322582e-02	-8.3712269e+01	3.2476774e-03	-1.5403922e+02
1.2672973e+01	2.3997868e-02	-2.8502572e+01	2.1037555e-02	-3.8605496e+01	1.8015962e-02	-4.9429677e+01	1.4742040e-02	-6.4621730e+01	1.1495791e-02	-8.9578325e+01	1.5814279e-03	9.1077671e-01
1.2972973e+01	2.3477662e-02	-2.9123754e+01	2.0520485e-02	-3.9126267e+01	1.7603093e-02	-4.9347480e+01	1.3961252e-02	-6.8774959e+01	1.0380915e-02	-8.8582358e+01	1.7513910e-03	3.4000227e+00
1.3272973e+01	2.2565581e-02	-3.0192571e+01	1.9834849e-02	-3.8707101e+01	1.6579394e-02	-5.0335493e+01	1.3474695e-02	-6.8895935e+01	1.0909348e-02	-8.3148778e+01	1.2162845e-03	-5.0666756e+01
1.3572973e+01	2.2128415e-02	-3.1626477e+01	1.9441728e-02	-4.0376662e+01	1.6325919e-02	-5.1908517e+01	1.3239597e-02	-6.7616964e+01	9.1182701e-03	-9.0456856e+01	1.1172608e-03	-5.1053305e+01
1.3872973e+01	2.1313902e-02	-3.0710690e+01	1.8483741e-02	-4.1389753e+01	1.6445407e-02	-5.4092771e+01	1.2658532e-02	-7.1544222e+01	1.0107760e-02	-9.0054880e+01	1.2504822e-04	-4.6471929e+01
1.4172973e+01	2.0351983e-02	-3.3496014e+01	1.8142978e-02	-4.2400910e+01	1.4678610e-02	-5.7082993e+01	1.1620476e-02	-7.3308758e+01	8.8295305e-03	-9.3484444e+01	1.0706407e-03	-9.8138562e+01
1.4472973e+01	1.9894058e-02	-3.2293301e+01	1.6971461e-02	-4.2357913e+01	1.4055596e-02	-5.7502150e+01	1.1520275e-02	-7.0672585e+01	7.3857000e-03	-9.3314807e+01	5.4885450e-04	-1.3327046e+02
1.4772973e+01	1.9105447e-02	-3.2019892e+01	1.6751864e-02	-4.4726154e+01	1.3786370e-02	-5.7513851e+01	1.1704195e-02	-7.4896237e+01	8.1089380e-03	-9.6008614e+01	9.6963889e-04	-1.0225472e+02
1.5072973e+01	1.8366299e-02	-3.4380692e+01	1.6264337e-02	-4.3642595e+01	1.3856603e-02	-5.4727537e+01	1.0218919e-02	-7.7462562e+01	8.1233648e-03	-9.8580368e+01	1.0253311e-03	-1.5743270e+02
