21-Sep-2023 18:19:24 PM  Probe rad: 1.9 um  Pump rad: 3 um
Offset (microns)	R (1000000 Hz)	Theta (1000000 Hz)	R (1584890 Hz)	Theta (1584890 Hz)	R (2511890 Hz)	Theta (2511890 Hz)	R (3981070 Hz)	Theta (3981070 Hz)	R (6309570 Hz)	Theta (6309570 Hz)	R (50000000 Hz)	Theta (50000000 Hz)	
-1.5121922e+01	2.3201939e-02	-5.0558039e+01	1.8682456e-02	-6.3596360e+01	1.4239267e-02	-8.1976554e+01	9.8825784e-03	-1.0870658e+02	6.1595359e-03	-1.3081404e+02	1.3283848e-03	-1.3751350e+02
-1.4821922e+01	2.3901637e-02	-4.8162922e+01	2.0081997e-02	-6.2778743e+01	1.5100259e-02	-7.9660493e+01	1.0825751e-02	-1.0677497e+02	6.6556020e-03	-1.3197817e+02	6.2454973e-04	-3.9054162e+01
-1.4521922e+01	2.5345874e-02	-4.8086363e+01	2.0853757e-02	-6.1022493e+01	1.6908263e-02	-7.9306265e+01	1.1425213e-02	-1.0289202e+02	7.2384455e-03	-1.2964178e+02	1.0652701e-03	-1.3449129e+02
-1.4221922e+01	2.6343650e-02	-4.6437218e+01	2.1969385e-02	-6.1286489e+01	1.6859337e-02	-7.8594098e+01	1.2042335e-02	-9.8525849e+01	7.7786750e-03	-1.3124944e+02	2.0521480e-03	-4.6844275e+01
-1.3921922e+01	2.7075413e-02	-4.5452439e+01	2.2090579e-02	-5.9490273e+01	1.7168001e-02	-7.5261493e+01	1.2274211e-02	-9.3550228e+01	7.8104769e-03	-1.2400180e+02	4.4913291e-04	-9.6594427e+01
-1.3621922e+01	2.8165188e-02	-4.5469292e+01	2.2950633e-02	-5.8480784e+01	1.8421296e-02	-7.6502390e+01	1.3205229e-02	-9.4254750e+01	8.2843488e-03	-1.2926972e+02	1.9277426e-03	-2.4326302e+01
-1.3321922e+01	2.9528933e-02	-4.4132074e+01	2.4212749e-02	-5.6240997e+01	1.9277250e-02	-7.1846601e+01	1.3236911e-02	-9.4056002e+01	8.9532132e-03	-1.1935292e+02	1.4697923e-03	-1.5495926e+02
-1.3021922e+01	3.1001985e-02	-4.2584807e+01	2.5516006e-02	-5.5164420e+01	2.0520996e-02	-6.9279785e+01	1.5094920e-02	-9.6141520e+01	1.0016278e-02	-1.2592235e+02	2.2408441e-03	-4.4947071e+01
-1.2721922e+01	3.2147845e-02	-4.2004651e+01	2.6867864e-02	-5.4212362e+01	2.1467491e-02	-7.1636871e+01	1.5897949e-02	-9.2095499e+01	9.6278112e-03	-1.1847084e+02	7.3568275e-04	2.5049446e+00
-1.2421922e+01	3.3401443e-02	-4.0934907e+01	2.8174520e-02	-5.2874546e+01	2.3045039e-02	-6.5714957e+01	1.7441530e-02	-8.8090792e+01	1.1074021e-02	-1.1183842e+02	3.1004755e-03	-5.9883957e+01
-1.2121922e+01	3.4440180e-02	-4.0555134e+01	2.8699266e-02	-5.2594182e+01	2.2828497e-02	-6.8164253e+01	1.6584508e-02	-8.5635544e+01	1.1066318e-02	-1.1190929e+02	2.0365309e-03	-2.0327278e+01
-1.1821922e+01	3.6044085e-02	-3.9502268e+01	3.0218099e-02	-5.0972214e+01	2.4700261e-02	-6.4554713e+01	1.8065123e-02	-8.6098814e+01	1.2989582e-02	-1.1438098e+02	1.1484302e-03	1.9677166e+01
-1.1521922e+01	3.7639012e-02	-3.8197366e+01	3.1958995e-02	-5.0214937e+01	2.5195407e-02	-6.5808586e+01	1.9096758e-02	-8.3690710e+01	1.4056346e-02	-1.0912411e+02	1.4766156e-03	-1.5256432e+02
-1.1221922e+01	3.8766808e-02	-3.7170711e+01	3.3009769e-02	-4.7913212e+01	2.6631875e-02	-6.2716272e+01	1.9956038e-02	-8.1920250e+01	1.4232545e-02	-1.0576437e+02	1.5413934e-03	-3.5436499e+01
-1.0921922e+01	4.0165551e-02	-3.6373186e+01	3.4301823e-02	-4.6982455e+01	2.8591756e-02	-6.2492181e+01	2.2112977e-02	-7.9269486e+01	1.5052786e-02	-1.0196029e+02	8.6492721e-04	-2.3455060e+01
-1.0621922e+01	4.2220033e-02	-3.5650742e+01	3.5911943e-02	-4.6418245e+01	2.8956611e-02	-6.1183951e+01	2.2721122e-02	-7.8584739e+01	1.6759794e-02	-9.9029972e+01	1.3507360e-03	-4.1877968e+01
-1.0321922e+01	4.4353040e-02	-3.5153809e+01	3.7728221e-02	-4.5410599e+01	3.1473256e-02	-5.8244647e+01	2.4335666e-02	-7.6753505e+01	1.7617468e-02	-9.9091657e+01	1.4364140e-03	-9.4583660e+01
-1.0021922e+01	4.6033205e-02	-3.4661088e+01	3.9652119e-02	-4.4154535e+01	3.2220007e-02	-5.6489991e+01	2.5991815e-02	-7.4019203e+01	1.8121413e-02	-9.7261697e+01	1.1017097e-03	-7.8258508e+01
-9.7219219e+00	4.8173172e-02	-3.3319371e+01	4.1970665e-02	-4.2416943e+01	3.4384223e-02	-5.5815713e+01	2.6800705e-02	-7.1356560e+01	2.0147631e-02	-9.5703162e+01	2.1831407e-03	-1.2019343e+02
-9.4219219e+00	5.1286535e-02	-3.2423140e+01	4.4710020e-02	-4.1585166e+01	3.6712388e-02	-5.5420412e+01	2.9879300e-02	-7.0019278e+01	2.1392407e-02	-8.8177995e+01	5.0005583e-04	-1.5435258e+02
-9.1219219e+00	5.4230564e-02	-3.0683294e+01	4.7245224e-02	-4.0618055e+01	3.9737845e-02	-5.2560887e+01	3.1896355e-02	-6.7648203e+01	2.3511226e-02	-8.7490295e+01	1.2748717e-03	-1.5431791e+02
-8.8219219e+00	5.5990259e-02	-3.0025914e+01	4.8944212e-02	-3.9526942e+01	4.1509132e-02	-5.0792468e+01	3.4224584e-02	-6.5393197e+01	2.4038495e-02	-8.6888823e+01	4.0649157e-04	-7.0990042e+01
-8.5219219e+00	5.9672502e-02	-2.8920255e+01	5.2520673e-02	-3.7955697e+01	4.4573437e-02	-4.9159132e+01	3.6821930e-02	-6.2959919e+01	2.6887653e-02	-8.2291801e+01	7.0212778e-04	-1.7299835e+02
-8.2219219e+00	6.3528779e-02	-2.8005223e+01	5.6345738e-02	-3.6532443e+01	4.8316607e-02	-4.8360937e+01	3.9332720e-02	-6.1236300e+01	2.9554998e-02	-8.1138810e+01	1.9705930e-03	-9.0846708e+01
-7.9219219e+00	6.6333317e-02	-2.7390547e+01	5.9265031e-02	-3.5491396e+01	5.0426871e-02	-4.6308216e+01	4.2746812e-02	-5.9159635e+01	3.2320905e-02	-7.6787599e+01	1.3866926e-03	-8.6259600e+01
-7.6219219e+00	7.1137885e-02	-2.5919614e+01	6.3597532e-02	-3.3546008e+01	5.5922118e-02	-4.4036066e+01	4.5757536e-02	-5.7182945e+01	3.4997254e-02	-7.5428237e+01	6.9693223e-04	-7.9460908e+01
-7.3219219e+00	7.6143361e-02	-2.4899323e+01	6.8252039e-02	-3.2349121e+01	6.0021401e-02	-4.1761834e+01	4.9707420e-02	-5.4591798e+01	3.9286958e-02	-7.1313851e+01	1.9117970e-03	-1.3533140e+02
-7.0219219e+00	8.2775725e-02	-2.3522730e+01	7.5484885e-02	-3.0135527e+01	6.6287057e-02	-3.9485457e+01	5.5371731e-02	-5.1743159e+01	4.4458099e-02	-6.7114590e+01	2.0109096e-04	-4.7147536e+01
-6.7219219e+00	8.9498539e-02	-2.2122408e+01	8.1244288e-02	-2.8717486e+01	7.2501896e-02	-3.7499707e+01	6.1007169e-02	-4.8223001e+01	4.8925867e-02	-6.4170180e+01	3.7794824e-03	-1.6346266e+02
-6.4219219e+00	9.7583982e-02	-2.0729013e+01	8.9445842e-02	-2.7011205e+01	7.9163584e-02	-3.5636753e+01	6.8860055e-02	-4.6105256e+01	5.5966904e-02	-6.0234603e+01	5.4490175e-03	-1.4644345e+02
-6.1219219e+00	1.0416533e-01	-1.9924792e+01	9.5895492e-02	-2.5811358e+01	8.5746812e-02	-3.3979449e+01	7.4518962e-02	-4.3711928e+01	6.0578843e-02	-5.7703858e+01	5.9007669e-03	-1.2385951e+02
-5.8219219e+00	1.1451254e-01	-1.8567568e+01	1.0613922e-01	-2.4050356e+01	9.5790502e-02	-3.1367386e+01	8.2977027e-02	-4.1334841e+01	6.8400538e-02	-5.2817950e+01	8.8975256e-03	-1.1532654e+02
-5.5219219e+00	1.2750944e-01	-1.7063979e+01	1.1880944e-01	-2.2178366e+01	1.0804241e-01	-2.9336565e+01	9.4770473e-02	-3.7561919e+01	8.0125619e-02	-4.9083002e+01	1.0286717e-02	-1.1575866e+02
-5.2219219e+00	1.4210496e-01	-1.5759240e+01	1.3271786e-01	-2.0682129e+01	1.2120712e-01	-2.7123699e+01	1.0788394e-01	-3.5106642e+01	9.1262750e-02	-4.5193587e+01	1.4154478e-02	-1.0800931e+02
-4.9219219e+00	1.4926142e-01	-1.5204871e+01	1.3996512e-01	-1.9661686e+01	1.2857652e-01	-2.5566534e+01	1.1541069e-01	-3.3645842e+01	9.8772713e-02	-4.3541125e+01	1.5047673e-02	-9.6941840e+01
-4.6219219e+00	1.6750675e-01	-1.3909128e+01	1.5768074e-01	-1.8196221e+01	1.4694528e-01	-2.3638352e+01	1.3152557e-01	-3.0502708e+01	1.1461241e-01	-3.9966285e+01	2.2310920e-02	-8.8067333e+01
-4.3219219e+00	1.9234673e-01	-1.2543548e+01	1.8204134e-01	-1.6295900e+01	1.6986788e-01	-2.1283902e+01	1.5445511e-01	-2.7435174e+01	1.3541515e-01	-3.6142283e+01	3.2164545e-02	-8.5707132e+01
-4.0219219e+00	2.1320281e-01	-1.1633326e+01	2.0326967e-01	-1.5136765e+01	1.9040321e-01	-1.9758343e+01	1.7420715e-01	-2.5897735e+01	1.5511885e-01	-3.3730280e+01	4.0828190e-02	-8.0007926e+01
-3.7219219e+00	2.4108141e-01	-1.0556845e+01	2.3090021e-01	-1.3973092e+01	2.1777937e-01	-1.8206051e+01	2.0167771e-01	-2.3572711e+01	1.7975475e-01	-3.0934349e+01	5.2811116e-02	-7.5325101e+01
-3.4219219e+00	2.6438264e-01	-9.8018838e+00	2.5384328e-01	-1.3035394e+01	2.4094744e-01	-1.6847339e+01	2.2368826e-01	-2.2207814e+01	2.0174114e-01	-2.8919452e+01	6.4387162e-02	-7.1747400e+01
-3.1219219e+00	3.1217176e-01	-8.7584702e+00	3.0120895e-01	-1.1505562e+01	2.8750376e-01	-1.5161833e+01	2.6924660e-01	-2.0041054e+01	2.4551405e-01	-2.6105246e+01	8.8506017e-02	-6.8230386e+01
-2.8219219e+00	3.5544069e-01	-7.9201341e+00	3.4452649e-01	-1.0380766e+01	3.2951603e-01	-1.3728623e+01	3.1168534e-01	-1.8207664e+01	2.8821496e-01	-2.4015973e+01	1.1160842e-01	-6.4724281e+01
-2.5219219e+00	4.0693869e-01	-7.1545148e+00	3.9561540e-01	-9.4215379e+00	3.8125239e-01	-1.2624969e+01	3.6203839e-01	-1.6738071e+01	3.3636843e-01	-2.2099232e+01	1.4363149e-01	-6.3217395e+01
-2.2219219e+00	4.3265328e-01	-6.8772342e+00	4.2097059e-01	-9.1527910e+00	4.0592636e-01	-1.2110270e+01	3.8646242e-01	-1.6028126e+01	3.6007101e-01	-2.1466925e+01	1.5517302e-01	-6.2319506e+01
-1.9219219e+00	4.8047606e-01	-6.3294893e+00	4.6923518e-01	-8.4565379e+00	4.5340731e-01	-1.1265104e+01	4.3461874e-01	-1.5124563e+01	4.0681533e-01	-2.0172329e+01	1.8553671e-01	-6.0581217e+01
-1.6219219e+00	5.3916770e-01	-5.8755179e+00	5.2672810e-01	-7.9063590e+00	5.1109635e-01	-1.0657421e+01	4.9050864e-01	-1.4169373e+01	4.6256131e-01	-1.9115468e+01	2.2056598e-01	-5.9054929e+01
-1.3219219e+00	5.7602151e-01	-5.5382844e+00	5.6474882e-01	-7.5208271e+00	5.4830982e-01	-1.0063193e+01	5.2769501e-01	-1.3454533e+01	4.9930366e-01	-1.8382949e+01	2.4043774e-01	-5.7895482e+01
-1.0219219e+00	6.1558673e-01	-5.3489757e+00	6.0335038e-01	-7.1891802e+00	5.8781451e-01	-9.6630011e+00	5.6624049e-01	-1.3032243e+01	5.3647609e-01	-1.7806750e+01	2.6599323e-01	-5.7574348e+01
-7.2192192e-01	6.3993324e-01	-5.2839171e+00	6.2736267e-01	-7.0215520e+00	6.1187899e-01	-9.4717403e+00	5.9037404e-01	-1.2869737e+01	5.6008325e-01	-1.7538844e+01	2.8074887e-01	-5.7395780e+01
-4.2192192e-01	6.6312207e-01	-5.1350500e+00	6.5071936e-01	-6.8822554e+00	6.3410178e-01	-9.3444692e+00	6.1319967e-01	-1.2597079e+01	5.8302860e-01	-1.7232064e+01	2.9542958e-01	-5.6504878e+01
-1.2192192e-01	6.6923486e-01	-5.0402293e+00	6.5716597e-01	-6.7979383e+00	6.4105633e-01	-9.2137029e+00	6.1972847e-01	-1.2522577e+01	5.8931950e-01	-1.6978201e+01	2.9956078e-01	-5.6637568e+01
1.7807808e-01	6.6890229e-01	-5.0493676e+00	6.5635550e-01	-6.8040769e+00	6.4178559e-01	-9.2285086e+00	6.1978409e-01	-1.2546209e+01	5.8860527e-01	-1.7014312e+01	3.0204408e-01	-5.6566120e+01
4.7807808e-01	6.5604897e-01	-5.0951344e+00	6.4400986e-01	-6.8309160e+00	6.2810555e-01	-9.2530546e+00	6.0698100e-01	-1.2559683e+01	5.7692129e-01	-1.7050696e+01	2.9363388e-01	-5.6865927e+01
7.7807808e-01	6.3666391e-01	-5.2320884e+00	6.2414680e-01	-7.0046501e+00	6.0835665e-01	-9.4543791e+00	5.8688453e-01	-1.2906468e+01	5.5764626e-01	-1.7512584e+01	2.8162483e-01	-5.6816250e+01
1.0780781e+00	6.0911171e-01	-5.3811258e+00	5.9700313e-01	-7.2303518e+00	5.8182533e-01	-9.8422228e+00	5.6068595e-01	-1.3032515e+01	5.3134574e-01	-1.7889082e+01	2.6255891e-01	-5.7110149e+01
1.3780781e+00	5.6136370e-01	-5.7487207e+00	5.4881528e-01	-7.7421918e+00	5.3291209e-01	-1.0446023e+01	5.1277100e-01	-1.3859907e+01	4.8376269e-01	-1.8877136e+01	2.3033083e-01	-5.8232863e+01
1.6780781e+00	5.3605180e-01	-5.9055611e+00	5.2421931e-01	-7.9371270e+00	5.0871585e-01	-1.0645310e+01	4.8874780e-01	-1.4260169e+01	4.5976329e-01	-1.9224481e+01	2.1595096e-01	-5.9166603e+01
1.9780781e+00	4.9342603e-01	-6.3308988e+00	4.8150350e-01	-8.3496103e+00	4.6581874e-01	-1.1191023e+01	4.4675749e-01	-1.4882148e+01	4.1872612e-01	-1.9981547e+01	1.9101134e-01	-6.0265757e+01
2.2780781e+00	4.3934077e-01	-6.7911728e+00	4.2798177e-01	-8.9796085e+00	4.1219785e-01	-1.2116104e+01	3.9265692e-01	-1.6040723e+01	3.6727661e-01	-2.1448961e+01	1.5723882e-01	-6.2648552e+01
2.5780781e+00	3.8960849e-01	-7.4655310e+00	3.7820810e-01	-9.8015022e+00	3.6307263e-01	-1.2961708e+01	3.4495048e-01	-1.7370160e+01	3.1967008e-01	-2.2799634e+01	1.2763104e-01	-6.4531955e+01
2.8780781e+00	3.5023969e-01	-7.9939234e+00	3.3892944e-01	-1.0591534e+01	3.2431763e-01	-1.3999922e+01	3.0628353e-01	-1.8580841e+01	2.8185595e-01	-2.4572163e+01	1.0849022e-01	-6.7114112e+01
3.1780781e+00	3.1971159e-01	-8.6024615e+00	3.0895200e-01	-1.1347781e+01	2.9489680e-01	-1.4896263e+01	2.7640094e-01	-1.9583009e+01	2.5229636e-01	-2.5899900e+01	8.8355231e-02	-6.7384662e+01
3.4780781e+00	2.7326677e-01	-9.6933802e+00	2.6227864e-01	-1.2762063e+01	2.4846022e-01	-1.6636189e+01	2.3215387e-01	-2.1737471e+01	2.1010518e-01	-2.8736174e+01	6.7988986e-02	-7.1933650e+01
3.7780781e+00	2.4029220e-01	-1.0735361e+01	2.2968226e-01	-1.4070198e+01	2.1666918e-01	-1.8559315e+01	1.9954090e-01	-2.3796510e+01	1.7945823e-01	-3.1424015e+01	4.9590185e-02	-7.5482547e+01
4.0780781e+00	2.0623501e-01	-1.2132376e+01	1.9639064e-01	-1.5816668e+01	1.8354134e-01	-2.0309893e+01	1.6741747e-01	-2.7090677e+01	1.4830663e-01	-3.5231272e+01	3.5257691e-02	-8.1113605e+01
4.3780781e+00	1.8133614e-01	-1.3317057e+01	1.7140366e-01	-1.7399810e+01	1.5907438e-01	-2.2530724e+01	1.4434332e-01	-2.9832319e+01	1.2500488e-01	-3.8865616e+01	2.6105026e-02	-9.0235827e+01
4.6780781e+00	1.5640541e-01	-1.4704680e+01	1.4696741e-01	-1.9350141e+01	1.3540088e-01	-2.5376622e+01	1.2039464e-01	-3.3320388e+01	1.0491517e-01	-4.2805915e+01	1.6870053e-02	-9.5867101e+01
4.9780781e+00	1.4377890e-01	-1.5721254e+01	1.3469446e-01	-2.0409585e+01	1.2355159e-01	-2.7011312e+01	1.1000194e-01	-3.5009129e+01	9.3873894e-02	-4.5524471e+01	1.2912488e-02	-1.0485554e+02
5.2780781e+00	1.2967320e-01	-1.6974507e+01	1.2041160e-01	-2.2383300e+01	1.0957241e-01	-2.9456532e+01	9.6824010e-02	-3.7408034e+01	8.1889603e-02	-4.8957778e+01	8.1867271e-03	-1.0785719e+02
5.5780781e+00	1.1872573e-01	-1.8152873e+01	1.0936619e-01	-2.3675142e+01	9.9199168e-02	-3.1001415e+01	8.7043798e-02	-4.0395462e+01	7.2782856e-02	-5.2535311e+01	6.8384927e-03	-1.3006298e+02
5.8780781e+00	1.0904344e-01	-1.9083238e+01	1.0076617e-01	-2.4966994e+01	9.0902873e-02	-3.2406575e+01	7.9046980e-02	-4.2501488e+01	6.4645905e-02	-5.4460968e+01	4.1468044e-03	-1.4146336e+02
6.1780781e+00	9.8517478e-02	-2.0731566e+01	9.0143254e-02	-2.6971918e+01	8.0828457e-02	-3.5279382e+01	7.0081561e-02	-4.5542594e+01	5.6357610e-02	-6.0688293e+01	3.5877191e-03	-1.5588105e+02
6.4780781e+00	9.2736912e-02	-2.1396745e+01	8.4513978e-02	-2.8021961e+01	7.4864681e-02	-3.6576225e+01	6.5014530e-02	-4.7151874e+01	5.1710987e-02	-6.1330599e+01	4.0710318e-03	-1.7890519e+02
6.7780781e+00	8.5346995e-02	-2.2778686e+01	7.7807330e-02	-2.9732497e+01	6.8720465e-02	-3.8312777e+01	5.7528990e-02	-4.9044772e+01	4.6195432e-02	-6.4205253e+01	5.0866670e-04	-8.4456034e+01
7.0780781e+00	7.9578358e-02	-2.4038045e+01	7.1548478e-02	-3.0721752e+01	6.2637720e-02	-4.0238825e+01	5.3327994e-02	-5.2682060e+01	4.1339224e-02	-6.8186397e+01	1.2580449e-03	-1.3066616e+02
7.3780781e+00	7.3444767e-02	-2.5213537e+01	6.6392242e-02	-3.2947743e+01	5.7468287e-02	-4.2163145e+01	4.7767152e-02	-5.6003205e+01	3.6859069e-02	-7.2746671e+01	3.2124181e-03	-4.5907136e+01
7.6780781e+00	7.0244311e-02	-2.5953823e+01	6.2517825e-02	-3.3662290e+01	5.4877508e-02	-4.3452138e+01	4.5105019e-02	-5.7442558e+01	3.5218661e-02	-7.5718391e+01	2.1981169e-03	-1.0612767e+02
7.9780781e+00	6.6550891e-02	-2.7146179e+01	5.9623052e-02	-3.4892371e+01	5.1255578e-02	-4.4788504e+01	4.1602292e-02	-5.8749129e+01	3.1624963e-02	-7.6316957e+01	2.6182352e-03	-1.7228208e+02
8.2780781e+00	6.3172041e-02	-2.7716718e+01	5.6492663e-02	-3.6235835e+01	4.8079174e-02	-4.6427330e+01	3.9655890e-02	-6.1173774e+01	2.9468000e-02	-7.7095435e+01	1.4472504e-03	-1.7772467e+02
8.5780781e+00	5.9649375e-02	-2.8937126e+01	5.2718067e-02	-3.7813638e+01	4.4999716e-02	-4.8786711e+01	3.5767526e-02	-6.4192630e+01	2.7004763e-02	-8.0715991e+01	1.7992106e-03	-3.2039220e+01
8.8780781e+00	5.7322001e-02	-2.9386170e+01	5.0922686e-02	-3.8177142e+01	4.3232118e-02	-5.0169753e+01	3.4248850e-02	-6.5119382e+01	2.5351981e-02	-8.2967984e+01	7.2709334e-04	-9.3806970e+00
9.1780781e+00	5.4369627e-02	-3.0623350e+01	4.7291045e-02	-3.9909388e+01	4.0241183e-02	-5.1188087e+01	3.1134705e-02	-6.7774922e+01	2.3852064e-02	-8.5321780e+01	5.9167941e-04	-3.2135199e+01
9.4780781e+00	5.2296908e-02	-3.1386634e+01	4.5578257e-02	-4.0591315e+01	3.8960326e-02	-5.2764877e+01	3.0105050e-02	-6.7563747e+01	2.2009880e-02	-8.8326771e+01	2.5961070e-03	-1.4849307e+01
9.7780781e+00	4.9336618e-02	-3.3066267e+01	4.2776274e-02	-4.2608276e+01	3.5006699e-02	-5.2949128e+01	2.7356663e-02	-6.9446271e+01	2.0114623e-02	-9.1754570e+01	2.2530049e-03	-4.0577188e+01
1.0078078e+01	4.7267477e-02	-3.3268652e+01	4.1440112e-02	-4.2919507e+01	3.3111053e-02	-5.5332657e+01	2.6862716e-02	-7.0676345e+01	1.8920712e-02	-9.1687944e+01	2.2009361e-03	-2.8388872e+00
1.0378078e+01	4.3613751e-02	-3.5040992e+01	3.7690434e-02	-4.4829672e+01	3.0547095e-02	-5.7116187e+01	2.3616062e-02	-7.4769439e+01	1.6803058e-02	-9.5440149e+01	1.5268821e-03	-1.6091417e+02
1.0678078e+01	4.1702305e-02	-3.5468725e+01	3.6097236e-02	-4.5573606e+01	2.9492578e-02	-5.9642202e+01	2.2327561e-02	-7.6597288e+01	1.6326346e-02	-9.8872649e+01	1.8354596e-03	-6.2808437e+01
1.0978078e+01	4.0611733e-02	-3.5859574e+01	3.4887158e-02	-4.6231233e+01	2.8448655e-02	-6.1169611e+01	2.2559206e-02	-7.7405737e+01	1.5463834e-02	-9.8400003e+01	3.1563238e-03	3.0277436e+00
1.1278078e+01	3.8477735e-02	-3.7536796e+01	3.2358740e-02	-4.8228662e+01	2.6656487e-02	-6.2494791e+01	2.0364188e-02	-7.9287392e+01	1.4416101e-02	-1.0507679e+02	7.9338578e-04	-8.6429911e+00
1.1578078e+01	3.5704353e-02	-4.0081253e+01	3.0693279e-02	-5.0744133e+01	2.3968689e-02	-6.3735929e+01	1.8910687e-02	-8.2947918e+01	1.1242194e-02	-1.0684754e+02	1.0653030e-03	-7.2952270e+01
1.1878078e+01	3.5177380e-02	-3.9440230e+01	2.9655770e-02	-5.0486938e+01	2.3473879e-02	-6.6207746e+01	1.6170613e-02	-8.6559874e+01	1.1787750e-02	-1.1119391e+02	8.4448499e-04	-1.0267515e+02
1.2178078e+01	3.3531872e-02	-4.0339893e+01	2.8064940e-02	-5.2053536e+01	2.1642449e-02	-6.5593726e+01	1.5773420e-02	-8.8905625e+01	1.1609525e-02	-1.1246778e+02	1.6677644e-03	-6.1471027e+01
1.2478078e+01	3.2337040e-02	-4.1720525e+01	2.6874241e-02	-5.2709817e+01	2.0835911e-02	-7.0269714e+01	1.5851215e-02	-8.8623526e+01	1.1265780e-02	-1.1679559e+02	1.5213729e-03	-1.1980969e+02
1.2778078e+01	3.0553997e-02	-4.1918785e+01	2.5516211e-02	-5.5034230e+01	1.9500956e-02	-6.8997731e+01	1.4835478e-02	-9.2372053e+01	9.1386681e-03	-1.1388390e+02	1.8565465e-03	-8.4870442e+01
1.3078078e+01	2.9377386e-02	-4.4700434e+01	2.4387300e-02	-5.6370167e+01	1.8470656e-02	-7.2056932e+01	1.3187439e-02	-9.2032825e+01	7.6036001e-03	-1.2179657e+02	6.2894200e-04	-1.0337090e+02
1.3378078e+01	2.8775860e-02	-4.4637004e+01	2.3425230e-02	-5.6988195e+01	1.8564070e-02	-7.1145669e+01	1.3236606e-02	-9.6542811e+01	7.5983039e-03	-1.2111267e+02	3.2918595e-03	-3.3854220e+01
1.3678078e+01	2.6734243e-02	-4.5551837e+01	2.2135109e-02	-5.9094172e+01	1.6438969e-02	-7.6439849e+01	1.2675777e-02	-9.6357941e+01	7.0451527e-03	-1.2815721e+02	1.1454392e-03	-1.8522898e+01
1.3978078e+01	2.6019332e-02	-4.6431540e+01	2.1391444e-02	-6.0036793e+01	1.6027507e-02	-7.7819691e+01	1.2492516e-02	-1.0201835e+02	7.4140732e-03	-1.2370124e+02	9.9773889e-04	-1.4454488e+02
1.4278078e+01	2.5121998e-02	-4.6847699e+01	2.0414102e-02	-6.0720282e+01	1.5965054e-02	-7.9521663e+01	1.0889768e-02	-1.0008345e+02	6.6105339e-03	-1.2844396e+02	2.0051813e-04	-1.2123298e+01
1.4578078e+01	2.4400572e-02	-4.7694932e+01	2.0124076e-02	-6.1942122e+01	1.5159980e-02	-8.1073779e+01	1.0449481e-02	-1.0375415e+02	6.2697760e-03	-1.4615847e+02	2.1951949e-03	-2.2719547e+01
1.4878078e+01	2.4010176e-02	-5.0190200e+01	1.8790896e-02	-6.4009180e+01	1.4053333e-02	-8.3709025e+01	1.0192412e-02	-1.0305985e+02	7.1199941e-03	-1.3904723e+02	1.6398775e-03	-5.1009432e+01
