21-Sep-2023 18:4:45 PM  Probe rad: 1.9 um  Pump rad: 3 um
Offset (microns)	R (1000000 Hz)	Theta (1000000 Hz)	R (1584890 Hz)	Theta (1584890 Hz)	R (2511890 Hz)	Theta (2511890 Hz)	R (3981070 Hz)	Theta (3981070 Hz)	R (6309570 Hz)	Theta (6309570 Hz)	R (50000000 Hz)	Theta (50000000 Hz)	
-1.4956456e+01	2.4460688e-02	-5.4564839e+01	1.9291237e-02	-6.8738761e+01	1.3739885e-02	-8.5993912e+01	9.9438024e-03	-1.1491370e+02	4.9936610e-03	-1.4355410e+02	1.4132051e-03	-1.2285871e+02
-1.4656456e+01	2.6049030e-02	-5.2559680e+01	2.0392150e-02	-6.7422193e+01	1.5632277e-02	-8.6370226e+01	1.0500323e-02	-1.0697759e+02	6.5927919e-03	-1.4417937e+02	2.0822952e-03	-1.2222843e+02
-1.4356456e+01	2.6365731e-02	-5.1397652e+01	2.1326401e-02	-6.6375211e+01	1.6110422e-02	-8.1927113e+01	1.0708920e-02	-1.0743509e+02	7.0249669e-03	-1.4001765e+02	9.3994753e-04	-1.5150644e+02
-1.4056456e+01	2.7986775e-02	-5.0920285e+01	2.1736999e-02	-6.5135180e+01	1.6072729e-02	-8.4441692e+01	1.1108810e-02	-1.0691504e+02	7.3737448e-03	-1.4024980e+02	1.8446016e-03	-3.9047377e+01
-1.3756456e+01	2.8273736e-02	-4.9818265e+01	2.2829786e-02	-6.3246283e+01	1.7881314e-02	-8.3003300e+01	1.2775244e-02	-1.0742816e+02	6.3812626e-03	-1.3809130e+02	1.3285986e-03	-1.1721704e+02
-1.3456456e+01	2.9901638e-02	-4.8604495e+01	2.4365313e-02	-6.2674302e+01	1.8417778e-02	-7.8887404e+01	1.2278137e-02	-1.0344121e+02	7.5216466e-03	-1.3109895e+02	2.9148387e-03	-7.6392951e+01
-1.3156456e+01	3.0799491e-02	-4.7448968e+01	2.4852537e-02	-6.1380289e+01	1.9903204e-02	-7.9072727e+01	1.3840164e-02	-1.0065520e+02	8.1120038e-03	-1.2917121e+02	1.4770335e-03	-9.2855006e+01
-1.2856456e+01	3.2065773e-02	-4.6359321e+01	2.6853130e-02	-5.9992475e+01	2.0384483e-02	-7.6255697e+01	1.4573491e-02	-9.7656392e+01	9.8943979e-03	-1.2739164e+02	1.1794690e-03	-1.2160624e+02
-1.2556456e+01	3.3589600e-02	-4.6184405e+01	2.7996877e-02	-5.9398680e+01	2.2216113e-02	-7.5704793e+01	1.5816557e-02	-1.0257209e+02	9.6301901e-03	-1.2760878e+02	1.0067273e-03	-7.5625375e+01
-1.2256456e+01	3.4926461e-02	-4.4601186e+01	2.8331060e-02	-5.7890132e+01	2.2355369e-02	-7.6855099e+01	1.5851726e-02	-9.3947404e+01	9.9448786e-03	-1.2343266e+02	8.3608278e-04	-1.2604348e+02
-1.1956456e+01	3.6201550e-02	-4.4043043e+01	2.9644541e-02	-5.6559395e+01	2.3738148e-02	-7.3945823e+01	1.8054312e-02	-9.4492025e+01	1.0191892e-02	-1.1648926e+02	8.2841493e-04	-1.2154269e+01
-1.1656456e+01	3.8027867e-02	-4.2173607e+01	3.1807220e-02	-5.4994945e+01	2.4226163e-02	-7.1137351e+01	1.8705428e-02	-9.3626259e+01	1.2160900e-02	-1.1513789e+02	1.2156922e-03	-1.0677862e+02
-1.1356456e+01	3.9668461e-02	-4.1840048e+01	3.2987797e-02	-5.3596078e+01	2.5840711e-02	-6.8029316e+01	1.9165505e-02	-8.9292658e+01	1.2549335e-02	-1.1120004e+02	9.5973213e-04	-5.3711758e+01
-1.1056456e+01	4.1499763e-02	-4.0786751e+01	3.4728570e-02	-5.2365593e+01	2.7877900e-02	-6.8328799e+01	2.0525069e-02	-8.6363193e+01	1.3901521e-02	-1.1027146e+02	2.0562059e-03	-5.8134543e+01
-1.0756456e+01	4.3721624e-02	-3.9623236e+01	3.6660996e-02	-5.0783926e+01	2.9234850e-02	-6.4111209e+01	2.1877956e-02	-8.4407321e+01	1.4977887e-02	-1.0841635e+02	7.3790489e-04	-1.4052281e+02
-1.0456456e+01	4.5364392e-02	-3.8440932e+01	3.8203050e-02	-4.9666043e+01	3.0998987e-02	-6.5122708e+01	2.3030716e-02	-8.0221865e+01	1.5515528e-02	-1.0672333e+02	1.0009076e-03	1.3390834e+01
-1.0156456e+01	4.8500567e-02	-3.7067894e+01	4.1402823e-02	-4.7792095e+01	3.3549148e-02	-6.2448358e+01	2.6074019e-02	-8.0226704e+01	1.7548202e-02	-1.0063629e+02	1.0695842e-03	1.4698506e+00
-9.8564565e+00	5.1306992e-02	-3.5997086e+01	4.3822187e-02	-4.5925621e+01	3.5780352e-02	-5.8123700e+01	2.7042609e-02	-7.5798714e+01	1.9180352e-02	-9.8866753e+01	2.1270198e-03	-1.0687162e+02
-9.5564565e+00	5.2635993e-02	-3.5031838e+01	4.5290871e-02	-4.5360972e+01	3.7619673e-02	-5.9599096e+01	2.8821264e-02	-7.4269017e+01	2.0192014e-02	-9.4917965e+01	8.9203291e-04	-3.4844762e+01
-9.2564565e+00	5.6456542e-02	-3.3855953e+01	4.9009063e-02	-4.3777975e+01	4.0620835e-02	-5.7171626e+01	3.1773961e-02	-7.3179252e+01	2.2300445e-02	-9.2805214e+01	1.6989318e-03	-7.4508671e+01
-8.9564565e+00	5.9954228e-02	-3.2471740e+01	5.2443412e-02	-4.2267494e+01	4.3982010e-02	-5.4701228e+01	3.3447777e-02	-7.0054474e+01	2.5419718e-02	-9.0440222e+01	7.6844886e-04	-4.9791530e+01
-8.6564565e+00	6.4130881e-02	-3.1370746e+01	5.5520994e-02	-4.1097014e+01	4.7428677e-02	-5.2744791e+01	3.7925013e-02	-6.7743748e+01	2.7059502e-02	-8.6571123e+01	4.0171077e-04	-6.0389290e+01
-8.3564565e+00	6.5980211e-02	-3.0716032e+01	5.7935832e-02	-3.9986271e+01	4.9449020e-02	-5.1594680e+01	3.9493974e-02	-6.5449288e+01	2.9857535e-02	-8.4864632e+01	5.4035206e-04	-6.7134746e+01
-8.0564565e+00	7.2686606e-02	-2.9144951e+01	6.4186364e-02	-3.7344809e+01	5.5019977e-02	-4.7015725e+01	4.4200564e-02	-6.2845253e+01	3.2942259e-02	-7.9266883e+01	1.3276923e-03	-1.3932282e+02
-7.7564565e+00	7.5218158e-02	-2.8063831e+01	6.6592735e-02	-3.6920083e+01	5.7738558e-02	-4.7000548e+01	4.6783842e-02	-6.1651268e+01	3.4740282e-02	-7.8799732e+01	1.4622674e-03	-1.5219962e+02
-7.4564565e+00	8.3815807e-02	-2.6440708e+01	7.4550245e-02	-3.4150106e+01	6.4487314e-02	-4.4177372e+01	5.3239942e-02	-5.7567405e+01	4.1194112e-02	-7.4279025e+01	1.0538796e-03	-1.0977396e+02
-7.1564565e+00	8.8289489e-02	-2.5308640e+01	7.9173464e-02	-3.2839871e+01	6.9225311e-02	-4.1576896e+01	5.6064530e-02	-5.4808673e+01	4.3634526e-02	-7.1001996e+01	3.8910953e-03	-1.4982829e+02
-6.8564565e+00	9.3444421e-02	-2.4379443e+01	8.3529689e-02	-3.1766500e+01	7.2943925e-02	-4.1591240e+01	6.1012352e-02	-5.3126241e+01	4.7823908e-02	-6.8770347e+01	2.4137477e-03	-1.3531545e+02
-6.5564565e+00	1.0263161e-01	-2.2988980e+01	9.2079313e-02	-2.9816941e+01	8.1590345e-02	-3.8608638e+01	6.8587224e-02	-4.9577166e+01	5.3845218e-02	-6.4927289e+01	3.1298361e-03	-1.2642111e+02
-6.2564565e+00	1.1123272e-01	-2.1618143e+01	1.0105759e-01	-2.8133914e+01	8.8198023e-02	-3.6474905e+01	7.6875256e-02	-4.7133284e+01	6.1181662e-02	-5.9895727e+01	2.7993521e-03	-1.3043812e+02
-5.9564565e+00	1.2225187e-01	-2.0173075e+01	1.1215855e-01	-2.6348344e+01	9.9988503e-02	-3.4619738e+01	8.5601887e-02	-4.4141125e+01	6.9475576e-02	-5.6924362e+01	4.9454733e-03	-1.1678483e+02
-5.6564565e+00	1.3403303e-01	-1.9264325e+01	1.2330707e-01	-2.4760563e+01	1.1083713e-01	-3.1789353e+01	9.5334309e-02	-4.1736628e+01	7.8497079e-02	-5.2542341e+01	7.7975249e-03	-1.0330772e+02
-5.3564565e+00	1.4557211e-01	-1.7976956e+01	1.3483641e-01	-2.3235754e+01	1.2215847e-01	-3.0433538e+01	1.0649651e-01	-3.8844050e+01	8.7307477e-02	-5.0633164e+01	1.0073241e-02	-9.8326537e+01
-5.0564565e+00	1.6722348e-01	-1.6290510e+01	1.5504395e-01	-2.1266249e+01	1.4131086e-01	-2.7396149e+01	1.2524114e-01	-3.5457751e+01	1.0519553e-01	-4.5444833e+01	1.7484114e-02	-9.5655365e+01
-4.7564565e+00	1.8333912e-01	-1.5200056e+01	1.7158783e-01	-1.9554403e+01	1.5773073e-01	-2.5503828e+01	1.4194167e-01	-3.2713049e+01	1.2016064e-01	-4.1953148e+01	2.1924315e-02	-8.8492887e+01
-4.4564565e+00	2.0151219e-01	-1.4336982e+01	1.8899633e-01	-1.8308961e+01	1.7459674e-01	-2.3652784e+01	1.5725225e-01	-3.0719749e+01	1.3527039e-01	-3.9353391e+01	2.8891942e-02	-8.1104279e+01
-4.1564565e+00	2.2800698e-01	-1.2868661e+01	2.1540730e-01	-1.6688027e+01	2.0087926e-01	-2.1541902e+01	1.8186858e-01	-2.7889255e+01	1.5916999e-01	-3.6223363e+01	4.0468962e-02	-7.8474026e+01
-3.8564565e+00	2.6098289e-01	-1.1629817e+01	2.4808387e-01	-1.5139545e+01	2.3232858e-01	-1.9648645e+01	2.1284276e-01	-2.5429713e+01	1.8901256e-01	-3.2889803e+01	5.3492454e-02	-7.2172874e+01
-3.5564565e+00	2.9383584e-01	-1.0580225e+01	2.8052609e-01	-1.3844000e+01	2.6469744e-01	-1.7961886e+01	2.4318099e-01	-2.3470822e+01	2.1769803e-01	-3.0246923e+01	6.7587088e-02	-7.0843703e+01
-3.2564565e+00	3.2788038e-01	-9.7685948e+00	3.1390230e-01	-1.2880842e+01	2.9784059e-01	-1.6780048e+01	2.7654377e-01	-2.1766057e+01	2.4903628e-01	-2.8229939e+01	8.4848760e-02	-6.8845402e+01
-2.9564565e+00	3.6604764e-01	-8.9451959e+00	3.5178249e-01	-1.1736403e+01	3.3565044e-01	-1.5391186e+01	3.1314879e-01	-1.9861332e+01	2.8508670e-01	-2.6221661e+01	1.0706799e-01	-6.5450681e+01
-2.6564565e+00	4.0276192e-01	-8.4097609e+00	3.8821903e-01	-1.0986790e+01	3.7089652e-01	-1.4385358e+01	3.4897647e-01	-1.8889764e+01	3.2008323e-01	-2.4745887e+01	1.2353439e-01	-6.3164212e+01
-2.3564565e+00	4.5019768e-01	-7.7187340e+00	4.3609497e-01	-1.0164016e+01	4.1819179e-01	-1.3505808e+01	3.9541155e-01	-1.7682218e+01	3.6445049e-01	-2.3205763e+01	1.5050805e-01	-6.1970339e+01
-2.0564565e+00	5.1232379e-01	-7.0544075e+00	4.9752334e-01	-9.2317905e+00	4.7872413e-01	-1.2244884e+01	4.5648950e-01	-1.6153556e+01	4.2477570e-01	-2.1508390e+01	1.8395822e-01	-6.0677081e+01
-1.7564565e+00	5.5847002e-01	-6.6271361e+00	5.4397447e-01	-8.7145358e+00	5.2452460e-01	-1.1647244e+01	5.0207651e-01	-1.5375369e+01	4.6843881e-01	-2.0375854e+01	2.1525945e-01	-5.8913126e+01
-1.4564565e+00	5.9235802e-01	-6.3848277e+00	5.7759430e-01	-8.4177300e+00	5.5816247e-01	-1.1231210e+01	5.3408955e-01	-1.4838195e+01	5.0045449e-01	-1.9866135e+01	2.3372549e-01	-5.8695461e+01
-1.1564565e+00	6.2847772e-01	-6.0826279e+00	6.1313313e-01	-8.0057605e+00	5.9371126e-01	-1.0649124e+01	5.7045189e-01	-1.4242118e+01	5.3589408e-01	-1.9075075e+01	2.5716096e-01	-5.7653073e+01
-8.5645646e-01	6.6182511e-01	-5.8333702e+00	6.4650292e-01	-7.7540906e+00	6.2701908e-01	-1.0335534e+01	6.0314348e-01	-1.3863125e+01	5.6900227e-01	-1.8567112e+01	2.7551849e-01	-5.7309760e+01
-5.5645646e-01	6.8274550e-01	-5.7057830e+00	6.6716160e-01	-7.6244658e+00	6.4714034e-01	-1.0126223e+01	6.2314426e-01	-1.3631636e+01	5.8840649e-01	-1.8399525e+01	2.8783559e-01	-5.6632683e+01
-2.5645646e-01	7.0102405e-01	-5.5956318e+00	6.8638809e-01	-7.4619067e+00	6.6792413e-01	-9.9203662e+00	6.4267949e-01	-1.3331127e+01	6.0782768e-01	-1.7950767e+01	3.0130363e-01	-5.6581615e+01
4.3543544e-02	7.0742675e-01	-5.5633357e+00	6.9243743e-01	-7.4149249e+00	6.7258110e-01	-9.9420053e+00	6.4882686e-01	-1.3237482e+01	6.1354743e-01	-1.7957667e+01	3.0288508e-01	-5.6642455e+01
3.4354354e-01	7.0434293e-01	-5.5461972e+00	6.8926830e-01	-7.4159545e+00	6.6968671e-01	-9.9679077e+00	6.4627084e-01	-1.3331632e+01	6.1090470e-01	-1.8037648e+01	3.0336052e-01	-5.6375700e+01
6.4354354e-01	6.7712176e-01	-5.6396411e+00	6.6189612e-01	-7.5965753e+00	6.4277130e-01	-1.0137775e+01	6.1845171e-01	-1.3552735e+01	5.8459000e-01	-1.8340388e+01	2.8550369e-01	-5.6989585e+01
9.4354354e-01	6.5637477e-01	-5.8324434e+00	6.4192965e-01	-7.7926912e+00	6.2200937e-01	-1.0405067e+01	5.9855234e-01	-1.3753284e+01	5.6497379e-01	-1.8641785e+01	2.7409053e-01	-5.7392464e+01
1.2435435e+00	6.1666637e-01	-6.0991297e+00	6.0151687e-01	-8.0464165e+00	5.8322217e-01	-1.0713571e+01	5.5870417e-01	-1.4250163e+01	5.2621948e-01	-1.9354858e+01	2.4885623e-01	-5.8080103e+01
1.5435435e+00	5.7596570e-01	-6.3941121e+00	5.6124928e-01	-8.3982044e+00	5.4280917e-01	-1.1224429e+01	5.2017207e-01	-1.4845461e+01	4.8676480e-01	-2.0031605e+01	2.2557667e-01	-5.9085453e+01
1.8435435e+00	5.4496505e-01	-6.6316325e+00	5.3041674e-01	-8.7785955e+00	5.1175308e-01	-1.1653024e+01	4.8956588e-01	-1.5343157e+01	4.5758600e-01	-2.0598115e+01	2.0602551e-01	-5.9514371e+01
2.1435435e+00	4.7211773e-01	-7.3739869e+00	4.5765301e-01	-9.7562106e+00	4.3969235e-01	-1.2863914e+01	4.1834334e-01	-1.6794761e+01	3.8782262e-01	-2.2394818e+01	1.6477933e-01	-6.1242273e+01
2.4435435e+00	4.4393581e-01	-7.6913729e+00	4.3023560e-01	-1.0206901e+01	4.1204841e-01	-1.3312834e+01	3.9054255e-01	-1.7635236e+01	3.6058843e-01	-2.3297892e+01	1.4720611e-01	-6.2473396e+01
2.7435435e+00	3.8880253e-01	-8.4578311e+00	3.7494851e-01	-1.1098381e+01	3.5785134e-01	-1.4583322e+01	3.3568222e-01	-1.9004424e+01	3.0855060e-01	-2.5076808e+01	1.1950091e-01	-6.4870283e+01
3.0435435e+00	3.6230002e-01	-8.9212901e+00	3.4870962e-01	-1.1639585e+01	3.3186369e-01	-1.5234508e+01	3.1100571e-01	-1.9977606e+01	2.8370191e-01	-2.6152959e+01	1.0403723e-01	-6.6163646e+01
3.3435435e+00	3.0667306e-01	-1.0133267e+01	2.9368040e-01	-1.3133043e+01	2.7699495e-01	-1.6973440e+01	2.5744684e-01	-2.2173979e+01	2.3170542e-01	-2.8874986e+01	7.6568959e-02	-6.9739853e+01
3.6435435e+00	2.8021368e-01	-1.0787538e+01	2.6736566e-01	-1.4041164e+01	2.5119999e-01	-1.8299228e+01	2.3246856e-01	-2.3592742e+01	2.0731355e-01	-3.0813628e+01	6.4986985e-02	-7.1065862e+01
3.9435435e+00	2.4966261e-01	-1.1770870e+01	2.3737256e-01	-1.5264735e+01	2.2188292e-01	-1.9947618e+01	2.0368591e-01	-2.5795524e+01	1.7913713e-01	-3.2901413e+01	5.0492069e-02	-7.5050527e+01
4.2435435e+00	2.2217574e-01	-1.2853870e+01	2.1017787e-01	-1.6658457e+01	1.9535210e-01	-2.1566509e+01	1.7700392e-01	-2.7840860e+01	1.5569378e-01	-3.5618995e+01	3.8628260e-02	-8.0728076e+01
4.5435435e+00	1.9173580e-01	-1.4366466e+01	1.7984042e-01	-1.8652056e+01	1.6529247e-01	-2.4028248e+01	1.4815330e-01	-3.1261942e+01	1.2880854e-01	-3.9979176e+01	2.6350853e-02	-8.2679243e+01
4.8435435e+00	1.6923819e-01	-1.5789189e+01	1.5804200e-01	-2.0546456e+01	1.4455426e-01	-2.6672237e+01	1.2768328e-01	-3.3771560e+01	1.0852638e-01	-4.3970781e+01	1.8051638e-02	-9.0720430e+01
5.1435435e+00	1.5036532e-01	-1.7387844e+01	1.3866503e-01	-2.2386047e+01	1.2596765e-01	-2.8916873e+01	1.1108440e-01	-3.7712093e+01	9.2489208e-02	-4.7967965e+01	1.0817497e-02	-1.0753611e+02
5.4435435e+00	1.4259551e-01	-1.7979056e+01	1.3205195e-01	-2.3369084e+01	1.1884535e-01	-2.9854087e+01	1.0453507e-01	-3.8557656e+01	8.6304080e-02	-5.0004456e+01	1.1524566e-02	-9.9427706e+01
5.7435435e+00	1.2471992e-01	-1.9812324e+01	1.1459436e-01	-2.5536030e+01	1.0143541e-01	-3.3353851e+01	8.8091855e-02	-4.2533713e+01	7.1873144e-02	-5.5410594e+01	7.7138214e-03	-1.1852555e+02
6.0435435e+00	1.1796775e-01	-2.0685996e+01	1.0790809e-01	-2.6612174e+01	9.6253191e-02	-3.4526497e+01	8.2250318e-02	-4.5010848e+01	6.5947521e-02	-5.7158679e+01	6.2653983e-03	-1.1783560e+02
6.3435435e+00	1.0998500e-01	-2.1638623e+01	9.9439997e-02	-2.8188645e+01	8.8297160e-02	-3.6263653e+01	7.5336869e-02	-4.7190499e+01	6.0557108e-02	-6.1258698e+01	3.7535746e-03	-1.3925250e+02
6.6435435e+00	1.0047533e-01	-2.3091083e+01	9.0181297e-02	-3.0054231e+01	7.9099009e-02	-3.9109808e+01	6.6425392e-02	-5.0720669e+01	5.2912833e-02	-6.4654303e+01	3.4529241e-03	-1.6473841e+02
6.9435435e+00	9.1722648e-02	-2.4394717e+01	8.2072045e-02	-3.1785890e+01	7.1446359e-02	-4.1208289e+01	5.9921308e-02	-5.2434597e+01	4.6345921e-02	-6.8085940e+01	5.3550294e-03	-1.4438968e+01
7.2435435e+00	8.2879465e-02	-2.6408731e+01	7.3966226e-02	-3.3945561e+01	6.4091507e-02	-4.3879391e+01	5.2415254e-02	-5.6819807e+01	4.0334469e-02	-7.3477675e+01	1.1504387e-03	-4.5537777e+01
7.5435435e+00	7.8224965e-02	-2.7590252e+01	6.9485640e-02	-3.5352850e+01	5.9051024e-02	-4.5902186e+01	4.7873255e-02	-5.9369183e+01	3.6577575e-02	-7.7476208e+01	1.2903078e-03	-1.0194987e+02
7.8435435e+00	7.3983218e-02	-2.8524024e+01	6.5917862e-02	-3.6551683e+01	5.6343463e-02	-4.7612964e+01	4.5101207e-02	-6.2206299e+01	3.4744002e-02	-7.9371134e+01	1.6256350e-03	-1.5220392e+01
8.1435435e+00	6.8167327e-02	-3.0427043e+01	6.0245836e-02	-3.8721380e+01	4.9735977e-02	-5.0185355e+01	4.0481668e-02	-6.5476615e+01	2.9920764e-02	-8.4618195e+01	1.2364125e-03	-1.6650603e+02
8.4435435e+00	6.6552083e-02	-3.0644185e+01	5.8328486e-02	-3.9362672e+01	4.9081688e-02	-5.1073451e+01	3.9333313e-02	-6.5916127e+01	2.9683924e-02	-8.3677965e+01	2.8051443e-03	-2.1841128e+01
8.7435435e+00	6.4142426e-02	-3.1162207e+01	5.5665247e-02	-4.0535715e+01	4.6978890e-02	-5.2405641e+01	3.7037332e-02	-6.6919124e+01	2.7783641e-02	-8.7455104e+01	2.5684989e-03	-9.2499145e+01
9.0435435e+00	5.8400964e-02	-3.3136890e+01	5.0837514e-02	-4.2818493e+01	4.1427665e-02	-5.5443052e+01	3.3693630e-02	-7.1079572e+01	2.3767145e-02	-9.1774971e+01	1.7258356e-03	-1.0865787e+02
9.3435435e+00	5.5269858e-02	-3.4271608e+01	4.7993033e-02	-4.3881959e+01	4.0006866e-02	-5.6141098e+01	3.1403040e-02	-7.3632415e+01	2.2317981e-02	-9.4888845e+01	1.2983119e-03	-9.1541359e+01
9.6435435e+00	5.1828099e-02	-3.6166701e+01	4.4475404e-02	-4.6307047e+01	3.5344845e-02	-5.8658157e+01	2.7581870e-02	-7.7202841e+01	1.9798439e-02	-9.6047294e+01	2.3567459e-03	-1.2935905e+02
9.9435435e+00	5.0048530e-02	-3.6065100e+01	4.2658833e-02	-4.6680026e+01	3.4839411e-02	-6.0587172e+01	2.6290530e-02	-7.8214292e+01	1.9173500e-02	-1.0026535e+02	7.1937917e-04	1.8341203e+01
1.0243544e+01	4.7486223e-02	-3.7803769e+01	4.0840891e-02	-4.8673653e+01	3.3007423e-02	-6.3125424e+01	2.5283383e-02	-7.9155497e+01	1.7692417e-02	-1.0288814e+02	9.8503366e-04	4.2205024e+00
1.0543544e+01	4.4585962e-02	-3.8375716e+01	3.7957773e-02	-5.0122927e+01	3.0386162e-02	-6.4294602e+01	2.3588340e-02	-8.3177264e+01	1.5609079e-02	-1.0552848e+02	3.3053824e-03	-9.4652673e+01
1.0843544e+01	4.2590205e-02	-3.9944430e+01	3.6148930e-02	-5.0703723e+01	2.9055142e-02	-6.6052041e+01	2.2558187e-02	-8.5494814e+01	1.4558506e-02	-1.0885341e+02	8.3910066e-04	-1.2816644e+01
1.1143544e+01	3.9858500e-02	-4.1070572e+01	3.3327386e-02	-5.2451987e+01	2.7164199e-02	-6.7618097e+01	1.9390162e-02	-8.6106121e+01	1.3150421e-02	-1.1224536e+02	1.9110291e-03	-1.5508121e+02
1.1443544e+01	3.9061067e-02	-4.1498519e+01	3.2531726e-02	-5.3723477e+01	2.5780696e-02	-6.8132717e+01	1.9544501e-02	-8.7201648e+01	1.2569976e-02	-1.1147653e+02	1.9108409e-03	1.0707378e+01
1.1743544e+01	3.7342527e-02	-4.3197611e+01	3.0721056e-02	-5.5503003e+01	2.3589536e-02	-7.1444885e+01	1.8007712e-02	-9.2865863e+01	1.2283639e-02	-1.1543736e+02	8.2343063e-04	-4.4384914e+01
1.2043544e+01	3.5504113e-02	-4.3277686e+01	2.9572534e-02	-5.7019969e+01	2.2241591e-02	-7.2469876e+01	1.6905297e-02	-9.4216019e+01	1.0888222e-02	-1.1996499e+02	2.3406062e-03	-1.1480892e+02
1.2343544e+01	3.3620181e-02	-4.4501990e+01	2.7530458e-02	-5.9017796e+01	2.1045704e-02	-7.3742313e+01	1.5399402e-02	-9.6221702e+01	9.6405369e-03	-1.2604424e+02	6.5988283e-04	-3.3343508e+01
1.2643544e+01	3.2513954e-02	-4.6035099e+01	2.6284770e-02	-5.8840873e+01	2.1005469e-02	-7.5985945e+01	1.4165428e-02	-9.8331244e+01	8.8184174e-03	-1.2792195e+02	2.1096795e-03	-9.3266205e+01
1.2943544e+01	3.1738587e-02	-4.6532373e+01	2.5670106e-02	-6.0244448e+01	1.9775071e-02	-7.5420919e+01	1.2853778e-02	-9.8611021e+01	8.5594599e-03	-1.3284063e+02	1.9577074e-03	-9.8046303e+01
1.3243544e+01	3.0056005e-02	-4.7714722e+01	2.4080679e-02	-6.1159523e+01	1.7682365e-02	-8.1720518e+01	1.3077638e-02	-1.0366005e+02	8.3732557e-03	-1.3357565e+02	2.6704499e-03	-4.1946636e+01
1.3543544e+01	2.8961072e-02	-4.9494936e+01	2.3118642e-02	-6.2721683e+01	1.7378271e-02	-7.8923525e+01	1.2101349e-02	-1.0501374e+02	7.6667249e-03	-1.4040524e+02	2.2972083e-04	-4.5348250e+01
1.3843544e+01	2.7770063e-02	-4.9454993e+01	2.2244097e-02	-6.4753980e+01	1.6322101e-02	-8.3075012e+01	1.1420950e-02	-1.0703916e+02	7.0768277e-03	-1.3365882e+02	1.5050896e-03	-1.7732720e+01
1.4143544e+01	2.6341516e-02	-5.0530175e+01	2.1047909e-02	-6.5358732e+01	1.6074700e-02	-8.5727003e+01	1.1733665e-02	-1.0873015e+02	6.4559981e-03	-1.4413387e+02	8.0192404e-04	-1.3011796e+02
1.4443544e+01	2.5126556e-02	-5.2019327e+01	2.0645009e-02	-6.6981827e+01	1.5173645e-02	-8.8312407e+01	9.7688538e-03	-1.0582746e+02	6.0549818e-03	-1.3734834e+02	2.9539624e-03	-1.4581301e+02
1.4743544e+01	2.4414362e-02	-5.3585608e+01	1.9584456e-02	-6.8039601e+01	1.4568805e-02	-8.8958588e+01	9.1031266e-03	-1.1545386e+02	5.4239650e-03	-1.4833693e+02	1.0659479e-03	-1.3396984e+02
1.5043544e+01	2.3529344e-02	-5.3991932e+01	1.8597807e-02	-6.8887556e+01	1.2928704e-02	-9.0935293e+01	9.5644905e-03	-1.1388038e+02	5.5356379e-03	-1.4956009e+02	1.2359856e-03	-3.6549272e+01
