21-Sep-2023 18:3:14 PM  Probe rad: 1.9 um  Pump rad: 3 um
Offset (microns)	R (1000000 Hz)	Theta (1000000 Hz)	R (1584890 Hz)	Theta (1584890 Hz)	R (2511890 Hz)	Theta (2511890 Hz)	R (3981070 Hz)	Theta (3981070 Hz)	R (6309570 Hz)	Theta (6309570 Hz)	R (50000000 Hz)	Theta (50000000 Hz)	
-1.4647447e+01	2.5552846e-02	-5.2331773e+01	2.0447986e-02	-6.8034715e+01	1.5107834e-02	-8.6073390e+01	1.1028001e-02	-1.0771302e+02	6.6621067e-03	-1.4440927e+02	2.1995054e-04	-1.0141821e+02
-1.4347447e+01	2.6523863e-02	-5.1492385e+01	2.1328801e-02	-6.6293861e+01	1.5465657e-02	-8.7694172e+01	9.8994948e-03	-1.1081120e+02	6.7063655e-03	-1.3369477e+02	1.5816024e-03	-9.5084867e+00
-1.4047447e+01	2.7621868e-02	-4.9675118e+01	2.2232741e-02	-6.4312094e+01	1.6949059e-02	-8.3004206e+01	1.1981981e-02	-1.1336255e+02	7.6084183e-03	-1.3920416e+02	3.3987018e-03	-4.5251537e+01
-1.3747447e+01	2.8694231e-02	-4.9396411e+01	2.3169104e-02	-6.3301118e+01	1.7145819e-02	-8.3644091e+01	1.1889059e-02	-1.0745449e+02	7.7699573e-03	-1.3847853e+02	2.2425791e-03	-7.4468142e+01
-1.3447447e+01	3.0079746e-02	-4.9153430e+01	2.4409014e-02	-6.2977599e+01	1.8923586e-02	-8.0306655e+01	1.2785569e-02	-1.0699750e+02	7.7497819e-03	-1.3014631e+02	1.6334269e-03	-8.5563423e+01
-1.3147447e+01	3.1173584e-02	-4.7529150e+01	2.5070797e-02	-6.0807222e+01	1.9282065e-02	-7.9498879e+01	1.3428650e-02	-1.0022275e+02	8.0550612e-03	-1.2448547e+02	1.0278011e-04	-1.2232511e+02
-1.2847447e+01	3.2636367e-02	-4.6280106e+01	2.6533675e-02	-6.1132971e+01	2.0729435e-02	-7.8482572e+01	1.4378920e-02	-1.0079080e+02	8.8136751e-03	-1.2638430e+02	6.1396568e-04	1.5752074e+01
-1.2547447e+01	3.3386110e-02	-4.5615844e+01	2.7712614e-02	-5.7906647e+01	2.1389278e-02	-7.3500552e+01	1.5074292e-02	-9.6897894e+01	9.5417542e-03	-1.2309667e+02	2.8894476e-03	-2.4137028e+01
-1.2247447e+01	3.4746119e-02	-4.4442223e+01	2.9206538e-02	-5.7919797e+01	2.2655884e-02	-7.2449944e+01	1.5119227e-02	-9.6133361e+01	1.0553198e-02	-1.1991537e+02	2.6371158e-03	-5.0180673e+01
-1.1947447e+01	3.6151874e-02	-4.4007636e+01	2.9397683e-02	-5.5782634e+01	2.3430486e-02	-7.1071865e+01	1.6852578e-02	-9.2215422e+01	1.1140583e-02	-1.2254982e+02	1.5699677e-03	-3.1205004e+01
-1.1647447e+01	3.8106360e-02	-4.2665712e+01	3.1671789e-02	-5.5122222e+01	2.5202109e-02	-7.2327243e+01	1.8487217e-02	-9.2649317e+01	1.1508796e-02	-1.1627566e+02	6.9864451e-04	-1.2667647e+02
-1.1347447e+01	3.9892552e-02	-4.2793972e+01	3.3380926e-02	-5.3578373e+01	2.6365582e-02	-6.9394976e+01	1.9510260e-02	-9.0916367e+01	1.2892393e-02	-1.1590836e+02	3.5608042e-04	-1.6802332e+02
-1.1047447e+01	4.1882754e-02	-4.1031998e+01	3.5074588e-02	-5.2522178e+01	2.8068320e-02	-6.6544463e+01	2.0854960e-02	-8.7338874e+01	1.3656303e-02	-1.0956034e+02	7.5554574e-04	5.9518908e+00
-1.0747447e+01	4.4092630e-02	-3.9194338e+01	3.7172646e-02	-4.9967177e+01	3.0107127e-02	-6.4670208e+01	2.2712175e-02	-8.3368054e+01	1.5918224e-02	-1.1112095e+02	1.2347173e-03	-1.2118706e+02
-1.0447447e+01	4.5712057e-02	-3.8723746e+01	3.9270655e-02	-4.9364658e+01	3.1595744e-02	-6.2865201e+01	2.3403084e-02	-8.0738435e+01	1.6340720e-02	-1.0631260e+02	5.9418244e-04	-5.5980145e+01
-1.0147447e+01	4.9326256e-02	-3.7149497e+01	4.2032747e-02	-4.7879445e+01	3.5166707e-02	-6.1761602e+01	2.6375072e-02	-7.8285489e+01	1.7958071e-02	-9.9902688e+01	1.9336166e-03	-2.5670537e+01
-9.8474474e+00	5.0754529e-02	-3.6475296e+01	4.3665707e-02	-4.6715190e+01	3.4608965e-02	-6.1491193e+01	2.7056474e-02	-7.8089417e+01	1.9097809e-02	-1.0406742e+02	2.3189966e-03	-8.0667892e+01
-9.5474474e+00	5.4239675e-02	-3.5386304e+01	4.6726975e-02	-4.5655060e+01	3.8174781e-02	-5.8292690e+01	2.9921275e-02	-7.4824181e+01	2.0934631e-02	-9.4732446e+01	1.5265764e-03	-5.9680192e+01
-9.2474474e+00	5.6197681e-02	-3.3930764e+01	4.8866779e-02	-4.4018493e+01	4.0460602e-02	-5.7238408e+01	3.1857051e-02	-7.2939108e+01	2.2606209e-02	-9.4369765e+01	2.3715153e-03	1.4499688e+00
-8.9474474e+00	6.0062546e-02	-3.2799256e+01	5.2651044e-02	-4.2471026e+01	4.3637903e-02	-5.3767574e+01	3.4083547e-02	-7.0955282e+01	2.5041384e-02	-9.0771660e+01	1.4283664e-03	-1.1550246e+02
-8.6474474e+00	6.3521282e-02	-3.1712733e+01	5.4975390e-02	-4.1141179e+01	4.6040954e-02	-5.1672625e+01	3.7115002e-02	-6.8337244e+01	2.7103415e-02	-8.8646949e+01	9.1850496e-04	-7.0626450e+01
-8.3474474e+00	6.7506448e-02	-3.0363831e+01	5.9358637e-02	-3.9131621e+01	5.0151241e-02	-5.0424092e+01	4.0470028e-02	-6.4975610e+01	2.9667088e-02	-8.4516038e+01	1.6241050e-03	-1.0454694e+02
-8.0474474e+00	7.2630522e-02	-2.9154744e+01	6.3988021e-02	-3.7890008e+01	5.4422705e-02	-4.9299597e+01	4.3887860e-02	-6.3466368e+01	3.2085605e-02	-8.2528948e+01	1.9047258e-03	-1.7551139e+02
-7.7474474e+00	7.7452372e-02	-2.7975029e+01	6.8461114e-02	-3.6077731e+01	5.9288607e-02	-4.5994542e+01	4.8592604e-02	-6.0452368e+01	3.6482797e-02	-7.8443529e+01	2.2279065e-03	-3.1381578e+01
-7.4474474e+00	8.2330838e-02	-2.7004226e+01	7.2977459e-02	-3.4538633e+01	6.2792754e-02	-4.4378057e+01	5.1338677e-02	-5.7490484e+01	3.9590065e-02	-7.5306032e+01	7.0165571e-04	-4.7745618e+01
-7.1474474e+00	8.8423625e-02	-2.5741093e+01	7.9344408e-02	-3.3253124e+01	6.9176613e-02	-4.2308167e+01	5.6094382e-02	-5.5251708e+01	4.3694320e-02	-7.1534763e+01	1.2030499e-03	-1.6269466e+02
-6.8474474e+00	9.6162732e-02	-2.4296843e+01	8.6555050e-02	-3.1252117e+01	7.5992082e-02	-4.0993072e+01	6.3873409e-02	-5.2346859e+01	5.0109462e-02	-6.8144571e+01	3.2584534e-03	-1.6885354e+02
-6.5474474e+00	1.0433726e-01	-2.2832050e+01	9.3962328e-02	-2.9207915e+01	8.2662512e-02	-3.8376766e+01	6.9425019e-02	-4.8939179e+01	5.5700895e-02	-6.3956371e+01	2.9129641e-03	-1.4924647e+02
-6.2474474e+00	1.1480936e-01	-2.1586207e+01	1.0518646e-01	-2.7656577e+01	9.2842156e-02	-3.6262632e+01	7.9010242e-02	-4.6671023e+01	6.4443035e-02	-5.9257898e+01	7.8817563e-03	-1.1650924e+02
-5.9474474e+00	1.2112413e-01	-2.0645168e+01	1.1075892e-01	-2.6712288e+01	9.8778243e-02	-3.4236727e+01	8.4390423e-02	-4.4486296e+01	6.7525390e-02	-5.7541583e+01	6.1581376e-03	-1.2207488e+02
-5.6474474e+00	1.3410296e-01	-1.9065554e+01	1.2358138e-01	-2.4814187e+01	1.1116254e-01	-3.1894722e+01	9.6399414e-02	-4.0851231e+01	7.8427818e-02	-5.3503154e+01	7.7622815e-03	-1.1131688e+02
-5.3474474e+00	1.4648410e-01	-1.7906314e+01	1.3537396e-01	-2.3139166e+01	1.2203844e-01	-2.9551314e+01	1.0710671e-01	-3.8651240e+01	8.9398129e-02	-4.9663488e+01	1.2043591e-02	-1.0641382e+02
-5.0474474e+00	1.6057446e-01	-1.6732680e+01	1.4949105e-01	-2.1603442e+01	1.3636517e-01	-2.7860405e+01	1.1956776e-01	-3.6211095e+01	1.0025173e-01	-4.6653889e+01	1.5962016e-02	-1.0126517e+02
-4.7474474e+00	1.8576562e-01	-1.4927572e+01	1.7376118e-01	-1.9460468e+01	1.5960329e-01	-2.5268696e+01	1.4220738e-01	-3.2571383e+01	1.2128008e-01	-4.1751391e+01	2.2800397e-02	-8.9976859e+01
-4.4474474e+00	2.0697723e-01	-1.3849913e+01	1.9476929e-01	-1.7828177e+01	1.7963075e-01	-2.3086523e+01	1.6186690e-01	-2.9894501e+01	1.3980918e-01	-3.8654221e+01	3.0279748e-02	-8.0567168e+01
-4.1474474e+00	2.3173843e-01	-1.2656093e+01	2.1916515e-01	-1.6445570e+01	2.0398093e-01	-2.1573895e+01	1.8507023e-01	-2.7630042e+01	1.6205575e-01	-3.5520629e+01	3.9635415e-02	-7.4514758e+01
-3.8474474e+00	2.5658160e-01	-1.1732768e+01	2.4410861e-01	-1.5247453e+01	2.2783544e-01	-1.9946277e+01	2.0826414e-01	-2.5237967e+01	1.8517130e-01	-3.3185901e+01	5.0333782e-02	-7.2492909e+01
-3.5474474e+00	2.9326771e-01	-1.0590441e+01	2.8064952e-01	-1.3808081e+01	2.6418305e-01	-1.8253600e+01	2.4366776e-01	-2.3296289e+01	2.1731194e-01	-3.0187862e+01	6.8741589e-02	-7.0835273e+01
-3.2474474e+00	3.3430486e-01	-9.7101819e+00	3.2116407e-01	-1.2607466e+01	3.0396596e-01	-1.6645067e+01	2.8364742e-01	-2.1327114e+01	2.5620596e-01	-2.7680668e+01	8.8862961e-02	-6.7092852e+01
-2.9474474e+00	3.8225447e-01	-8.7397313e+00	3.6872689e-01	-1.1357328e+01	3.5095147e-01	-1.5027006e+01	3.3005817e-01	-1.9537743e+01	3.0058777e-01	-2.5662750e+01	1.1196837e-01	-6.3369719e+01
-2.6474474e+00	4.1037277e-01	-8.2814228e+00	3.9674638e-01	-1.0859764e+01	3.7794653e-01	-1.4193601e+01	3.5677258e-01	-1.8651963e+01	3.2645979e-01	-2.4478986e+01	1.2800902e-01	-6.3715543e+01
-2.3474474e+00	4.5860440e-01	-7.6673588e+00	4.4461291e-01	-1.0039995e+01	4.2607246e-01	-1.3219280e+01	4.0275986e-01	-1.7385523e+01	3.7232878e-01	-2.2939134e+01	1.5420732e-01	-6.2039854e+01
-2.0474474e+00	4.9168097e-01	-7.2934831e+00	4.7725587e-01	-9.5707048e+00	4.5898959e-01	-1.2598857e+01	4.3629863e-01	-1.6670301e+01	4.0421858e-01	-2.2062398e+01	1.7429506e-01	-6.1299669e+01
-1.7474474e+00	5.4937767e-01	-6.7295744e+00	5.3475817e-01	-8.8952581e+00	5.1591161e-01	-1.1848145e+01	4.9246224e-01	-1.5638651e+01	4.5836006e-01	-2.0655178e+01	2.0807247e-01	-5.9471306e+01
-1.4474474e+00	5.9867813e-01	-6.3015397e+00	5.8372768e-01	-8.3338676e+00	5.6504649e-01	-1.1108741e+01	5.4029556e-01	-1.4767768e+01	5.0578130e-01	-1.9690340e+01	2.3614746e-01	-5.8394289e+01
-1.1474474e+00	6.2780533e-01	-6.0653138e+00	6.1273717e-01	-8.0822781e+00	5.9321707e-01	-1.0737460e+01	5.6821572e-01	-1.4270707e+01	5.3459554e-01	-1.9062893e+01	2.5598760e-01	-5.7998731e+01
-8.4744745e-01	6.6144886e-01	-5.8052008e+00	6.4636405e-01	-7.7406855e+00	6.2731994e-01	-1.0221294e+01	6.0233239e-01	-1.3766353e+01	5.6868112e-01	-1.8574669e+01	2.7669913e-01	-5.7158174e+01
-5.4744745e-01	6.8478973e-01	-5.6679713e+00	6.6996986e-01	-7.5127591e+00	6.4985216e-01	-1.0048781e+01	6.2608400e-01	-1.3603058e+01	5.9166810e-01	-1.8119435e+01	2.9202364e-01	-5.7361291e+01
-2.4744745e-01	7.0073175e-01	-5.5669133e+00	6.8573009e-01	-7.4728949e+00	6.6688426e-01	-9.9184982e+00	6.4147623e-01	-1.3328564e+01	6.0786507e-01	-1.7943324e+01	3.0254542e-01	-5.6818366e+01
5.2552553e-02	7.0221877e-01	-5.5268877e+00	6.8698746e-01	-7.3522717e+00	6.6787224e-01	-9.8590023e+00	6.4295122e-01	-1.3235059e+01	6.0754292e-01	-1.7881804e+01	3.0284345e-01	-5.6807433e+01
3.5255255e-01	6.9686073e-01	-5.5652810e+00	6.8205213e-01	-7.4368533e+00	6.6317533e-01	-9.9783875e+00	6.3824898e-01	-1.3394580e+01	6.0433189e-01	-1.8001032e+01	2.9966867e-01	-5.6933775e+01
6.5255255e-01	6.8319323e-01	-5.6238439e+00	6.6856228e-01	-7.5694105e+00	6.4937731e-01	-1.0080675e+01	6.2504809e-01	-1.3583405e+01	5.9068313e-01	-1.8176146e+01	2.8960855e-01	-5.7150747e+01
9.5255255e-01	6.5301310e-01	-5.8317546e+00	6.3829432e-01	-7.7899739e+00	6.1959062e-01	-1.0359686e+01	5.9534654e-01	-1.3833010e+01	5.6194851e-01	-1.8749232e+01	2.7197985e-01	-5.7805216e+01
1.2525526e+00	6.1941516e-01	-6.0299995e+00	6.0493887e-01	-8.0131990e+00	5.8624165e-01	-1.0641783e+01	5.6211619e-01	-1.4288610e+01	5.2968955e-01	-1.9134009e+01	2.5198545e-01	-5.8286791e+01
1.5525526e+00	5.7578679e-01	-6.3734605e+00	5.6145033e-01	-8.4491154e+00	5.4271073e-01	-1.1229395e+01	5.1911097e-01	-1.4909938e+01	4.8695890e-01	-2.0074810e+01	2.2443777e-01	-5.8990995e+01
1.8525526e+00	5.3391458e-01	-6.6614065e+00	5.1959984e-01	-8.8672113e+00	5.0179912e-01	-1.1768930e+01	4.7929974e-01	-1.5646217e+01	4.4682884e-01	-2.0756716e+01	1.9967218e-01	-5.9164024e+01
2.1525526e+00	4.9215017e-01	-7.1306970e+00	4.7796059e-01	-9.3444511e+00	4.6065223e-01	-1.2301162e+01	4.3809662e-01	-1.6363176e+01	4.0720089e-01	-2.1694333e+01	1.7631742e-01	-6.1619164e+01
2.4525526e+00	4.4822659e-01	-7.5933691e+00	4.3391920e-01	-9.9954048e+00	4.1680537e-01	-1.3147130e+01	3.9456987e-01	-1.7308141e+01	3.6489027e-01	-2.2915744e+01	1.5051236e-01	-6.2218257e+01
2.7525526e+00	4.0631655e-01	-8.1365245e+00	3.9297827e-01	-1.0732904e+01	3.7561947e-01	-1.4125437e+01	3.5408877e-01	-1.8529465e+01	3.2664847e-01	-2.4423254e+01	1.2632003e-01	-6.4270566e+01
3.0525526e+00	3.5922046e-01	-8.9474172e+00	3.4587699e-01	-1.1718683e+01	3.2884035e-01	-1.5540671e+01	3.0870498e-01	-2.0090498e+01	2.8138187e-01	-2.6449486e+01	1.0162323e-01	-6.7307214e+01
3.3525526e+00	3.1438875e-01	-9.9034229e+00	3.0113309e-01	-1.2870351e+01	2.8538713e-01	-1.6922340e+01	2.6457577e-01	-2.1873457e+01	2.3861232e-01	-2.8590209e+01	7.9361020e-02	-6.9272571e+01
3.6525526e+00	2.7405569e-01	-1.0957320e+01	2.6133700e-01	-1.4171296e+01	2.4561239e-01	-1.8539611e+01	2.2678103e-01	-2.4089918e+01	2.0281363e-01	-3.1178994e+01	6.0943559e-02	-7.3256985e+01
3.9525526e+00	2.4787909e-01	-1.1759165e+01	2.3578892e-01	-1.5396487e+01	2.1946285e-01	-1.9871674e+01	2.0203549e-01	-2.5897270e+01	1.7753696e-01	-3.3651881e+01	5.0618387e-02	-7.4820501e+01
4.2525526e+00	2.1887026e-01	-1.3022992e+01	2.0688968e-01	-1.6840556e+01	1.9168796e-01	-2.1567483e+01	1.7422522e-01	-2.8210736e+01	1.5259049e-01	-3.6294439e+01	3.7227666e-02	-8.1453178e+01
4.5525526e+00	1.9167271e-01	-1.4253674e+01	1.8000987e-01	-1.8659627e+01	1.6456111e-01	-2.4007993e+01	1.4958945e-01	-3.1297615e+01	1.2807282e-01	-3.9960130e+01	2.3263420e-02	-8.8318583e+01
4.8525526e+00	1.7659034e-01	-1.5344742e+01	1.6538119e-01	-1.9829172e+01	1.5233189e-01	-2.5489472e+01	1.3465709e-01	-3.2851380e+01	1.1472023e-01	-4.2633082e+01	2.1996965e-02	-8.6413130e+01
5.1525526e+00	1.5669192e-01	-1.6721342e+01	1.4590659e-01	-2.1574645e+01	1.3266600e-01	-2.7810191e+01	1.1672301e-01	-3.5913920e+01	9.8883043e-02	-4.6205701e+01	1.4753496e-02	-8.7632998e+01
5.4525526e+00	1.3850376e-01	-1.8436171e+01	1.2809803e-01	-2.3600781e+01	1.1551440e-01	-3.0624675e+01	1.0011491e-01	-3.9906756e+01	8.3723090e-02	-5.0724828e+01	1.0959683e-02	-1.0827032e+02
5.7525526e+00	1.2685255e-01	-1.9512174e+01	1.1635433e-01	-2.5291523e+01	1.0452360e-01	-3.2358814e+01	9.0080136e-02	-4.2445795e+01	7.3081334e-02	-5.4370133e+01	8.9120852e-03	-1.1654942e+02
6.0525526e+00	1.1639295e-01	-2.0984639e+01	1.0622506e-01	-2.6839088e+01	9.4543392e-02	-3.5126145e+01	8.0790036e-02	-4.5126818e+01	6.4982844e-02	-5.7755324e+01	6.2667769e-03	-1.3359400e+02
6.3525526e+00	1.0962726e-01	-2.1580668e+01	1.0020279e-01	-2.7876939e+01	8.7818281e-02	-3.6353292e+01	7.5863287e-02	-4.7303645e+01	6.0530099e-02	-6.0226302e+01	4.8354333e-03	-1.1787012e+02
6.6525526e+00	9.8547617e-02	-2.3488125e+01	8.9108013e-02	-3.0366018e+01	7.7359079e-02	-3.8547476e+01	6.5841844e-02	-5.0487223e+01	5.2015768e-02	-6.5382056e+01	3.0010142e-03	-1.3311455e+02
6.9525526e+00	9.2040141e-02	-2.4556376e+01	8.2909486e-02	-3.1569123e+01	7.1573021e-02	-4.1337362e+01	5.9545166e-02	-5.3359075e+01	4.7241312e-02	-6.8065875e+01	2.5071368e-03	-1.6837579e+02
7.2525526e+00	8.5374826e-02	-2.5930146e+01	7.6078464e-02	-3.3401786e+01	6.5655402e-02	-4.3704945e+01	5.4656629e-02	-5.5641358e+01	4.2083720e-02	-7.2828172e+01	2.0807664e-03	-1.7519472e+02
7.5525526e+00	7.8871155e-02	-2.7068368e+01	6.9931341e-02	-3.4836499e+01	6.0496861e-02	-4.5005857e+01	4.9598608e-02	-5.8830698e+01	3.7475860e-02	-7.5147617e+01	2.3337221e-03	-1.3933132e+02
7.8525526e+00	7.4809576e-02	-2.8480644e+01	6.5866061e-02	-3.6066387e+01	5.6251872e-02	-4.7084190e+01	4.5695400e-02	-6.1298881e+01	3.4500064e-02	-7.8169764e+01	1.8541870e-03	2.7865883e-01
8.1525526e+00	6.9384020e-02	-2.9627455e+01	6.1159002e-02	-3.8077358e+01	5.2231802e-02	-4.8462582e+01	4.0688406e-02	-6.4269485e+01	3.1802073e-02	-8.3328895e+01	2.3292030e-03	-1.3761117e+02
8.4525526e+00	6.4742592e-02	-3.0701172e+01	5.6766997e-02	-3.9962811e+01	4.8174218e-02	-5.2435167e+01	3.9026402e-02	-6.6790196e+01	2.7820178e-02	-8.4268002e+01	1.3363408e-03	-4.8775632e+01
8.7525526e+00	6.1688515e-02	-3.2069090e+01	5.3446637e-02	-4.1231625e+01	4.4289219e-02	-5.2537933e+01	3.5046550e-02	-6.8146432e+01	2.5551069e-02	-8.9740743e+01	2.0359205e-03	7.5591506e+00
9.0525526e+00	5.8171726e-02	-3.3034084e+01	4.9884183e-02	-4.2881693e+01	4.1613941e-02	-5.4723035e+01	3.1885694e-02	-7.1133905e+01	2.4040335e-02	-9.2120265e+01	6.4847415e-04	-1.2356975e+02
9.3525526e+00	5.4582396e-02	-3.4431390e+01	4.6957089e-02	-4.3644039e+01	3.7945458e-02	-5.6793622e+01	3.0321645e-02	-7.1200217e+01	2.1973268e-02	-9.6083745e+01	8.4203717e-04	-1.0294854e+02
9.6525526e+00	5.2374841e-02	-3.4884011e+01	4.5135699e-02	-4.5577278e+01	3.6771811e-02	-5.8791077e+01	2.8447216e-02	-7.4974969e+01	2.0537721e-02	-9.8127614e+01	5.5419869e-04	2.1354160e+01
9.9525526e+00	4.9941099e-02	-3.5914025e+01	4.2790424e-02	-4.7162479e+01	3.5197970e-02	-6.0306972e+01	2.6191501e-02	-7.7608285e+01	1.8714580e-02	-9.8304259e+01	4.8962041e-04	-1.6735396e+02
1.0252553e+01	4.6741166e-02	-3.7621868e+01	3.9603664e-02	-4.8657586e+01	3.2794703e-02	-6.3529526e+01	2.3963786e-02	-8.1530277e+01	1.7080290e-02	-1.0388743e+02	2.3438762e-03	-3.0821076e+01
1.0552553e+01	4.4917434e-02	-3.8679996e+01	3.8067921e-02	-5.0223871e+01	3.0854409e-02	-6.3939284e+01	2.2537905e-02	-8.1299567e+01	1.5545880e-02	-1.0840558e+02	8.6935261e-04	-5.3360061e+01
1.0852553e+01	4.2569834e-02	-3.9771722e+01	3.6543026e-02	-5.1705848e+01	2.8996365e-02	-6.5062740e+01	2.1780203e-02	-8.5455542e+01	1.5090353e-02	-1.0878066e+02	9.3781374e-04	-1.1246003e+02
1.1152553e+01	4.0904993e-02	-4.0924528e+01	3.4015568e-02	-5.2240435e+01	2.7549963e-02	-6.7973680e+01	2.0682584e-02	-8.7014089e+01	1.3958991e-02	-1.1143218e+02	9.6205901e-04	-1.2850214e+02
1.1452553e+01	3.8987083e-02	-4.2107894e+01	3.2656617e-02	-5.3164495e+01	2.5344494e-02	-6.9104344e+01	1.9279869e-02	-8.9153373e+01	1.3338867e-02	-1.1381611e+02	1.7667329e-03	-9.1606167e+01
1.1752553e+01	3.7196273e-02	-4.2976508e+01	3.0584545e-02	-5.5460815e+01	2.4204667e-02	-7.1403959e+01	1.7897725e-02	-8.8967611e+01	1.2133219e-02	-1.2173054e+02	1.8359054e-03	7.4017512e+00
1.2052553e+01	3.5192945e-02	-4.3751917e+01	2.9255866e-02	-5.6332431e+01	2.2637438e-02	-7.2519190e+01	1.5985881e-02	-9.4761920e+01	1.1487576e-02	-1.2247957e+02	3.5915975e-04	-3.3088771e+01
1.2352553e+01	3.4758038e-02	-4.5686335e+01	2.8365281e-02	-5.8227666e+01	2.2038401e-02	-7.3829524e+01	1.5537284e-02	-9.6808508e+01	1.0148876e-02	-1.1998108e+02	2.2174830e-03	-1.4093176e+02
1.2652553e+01	3.2969894e-02	-4.5818916e+01	2.6952613e-02	-5.8782808e+01	2.0828927e-02	-7.5789825e+01	1.5392964e-02	-9.5078141e+01	1.0319637e-02	-1.2555922e+02	7.2993298e-04	-1.7228891e+02
1.2952553e+01	3.1370243e-02	-4.7046585e+01	2.5419039e-02	-6.0497979e+01	2.0678215e-02	-7.8759487e+01	1.3688191e-02	-1.0154476e+02	8.8167505e-03	-1.2767078e+02	6.6749915e-04	-6.0038820e+01
1.3252553e+01	3.0050917e-02	-4.8688374e+01	2.4293917e-02	-6.1975617e+01	1.8615236e-02	-7.7726076e+01	1.2880422e-02	-1.0370515e+02	8.3585141e-03	-1.3433725e+02	1.4935470e-03	-2.9369358e+01
1.3552553e+01	2.9038964e-02	-4.9908323e+01	2.3227627e-02	-6.3951556e+01	1.7795171e-02	-8.2163079e+01	1.2666988e-02	-1.0475233e+02	7.3232955e-03	-1.3684162e+02	1.0905974e-03	9.3885855e+00
1.3852553e+01	2.8276833e-02	-5.0468703e+01	2.2931535e-02	-6.3411796e+01	1.7606546e-02	-8.2428882e+01	1.2150273e-02	-1.0521362e+02	7.6118432e-03	-1.3263904e+02	2.4903877e-03	2.6395966e+00
1.4152553e+01	2.6537977e-02	-5.1022708e+01	2.1297452e-02	-6.5932376e+01	1.7382078e-02	-8.6230902e+01	1.0404219e-02	-1.0657140e+02	6.4907873e-03	-1.4030706e+02	2.1193978e-03	-6.2513312e+01
1.4452553e+01	2.6163003e-02	-5.1609197e+01	2.0374757e-02	-6.8185015e+01	1.5425053e-02	-8.4810781e+01	1.0435140e-02	-1.0906290e+02	6.2938430e-03	-1.3786354e+02	9.2587484e-04	-2.1085358e+01
1.4752553e+01	2.4639091e-02	-5.4073259e+01	1.9588429e-02	-6.8907029e+01	1.5070137e-02	-8.9130307e+01	9.0506283e-03	-1.1549294e+02	5.8694419e-03	-1.4437920e+02	6.4939628e-04	-1.1152235e+01
1.5052553e+01	2.3743903e-02	-5.4632509e+01	1.8779134e-02	-7.0082904e+01	1.3063415e-02	-9.0889121e+01	9.2740389e-03	-1.1486650e+02	6.0369803e-03	-1.4467624e+02	8.3761284e-04	-1.5374851e+02
1.5352553e+01	2.2891673e-02	-5.4850332e+01	1.8000671e-02	-7.0991547e+01	1.2782419e-02	-9.4281126e+01	8.0700240e-03	-1.1943385e+02	4.5453021e-03	-1.5683200e+02	8.0102252e-04	-3.4529145e+01
