30-Sep-2023 8:48:37 PM  Probe rad: 1.9 um  Pump rad: 3 um
Offset (microns)	R (300000 Hz)	Theta (300000 Hz)	R (475468 Hz)	Theta (475468 Hz)	R (753566 Hz)	Theta (753566 Hz)	R (1194320 Hz)	Theta (1194320 Hz)	R (1892870 Hz)	Theta (1892870 Hz)	R (50000000 Hz)	Theta (50000000 Hz)	
-7.9087087e+00	9.4830224e-02	-1.4380539e+01	8.9442890e-02	-1.8580154e+01	8.3031208e-02	-2.5004643e+01	7.4410872e-02	-3.1151070e+01	6.5397559e-02	-3.9997707e+01	2.5602772e-03	-1.5018635e+02
-7.6087087e+00	1.0311448e-01	-1.3923137e+01	9.7373857e-02	-1.7735738e+01	9.0389557e-02	-2.2531616e+01	8.2665947e-02	-2.9065672e+01	7.2036444e-02	-3.8526701e+01	1.6776493e-03	-1.7053735e+02
-7.3087087e+00	1.0932200e-01	-1.3260645e+01	1.0301396e-01	-1.6942083e+01	9.6145656e-02	-2.1724665e+01	8.7748384e-02	-2.8200818e+01	7.7599688e-02	-3.5142394e+01	1.7312250e-03	-1.2322339e+02
-7.0087087e+00	1.1506250e-01	-1.2377156e+01	1.0909083e-01	-1.5944398e+01	1.0340594e-01	-2.0393615e+01	9.3987611e-02	-2.6681081e+01	8.3374862e-02	-3.4894301e+01	3.5970574e-03	-1.5686369e+02
-6.7087087e+00	1.2285694e-01	-1.2056918e+01	1.1648582e-01	-1.5276962e+01	1.0959785e-01	-1.9612507e+01	1.0038578e-01	-2.5329891e+01	9.0001371e-02	-3.2691550e+01	2.7107269e-03	-1.6434511e+02
-6.4087087e+00	1.3233202e-01	-1.1228794e+01	1.2584185e-01	-1.4529552e+01	1.1727746e-01	-1.8911261e+01	1.1017171e-01	-2.3850684e+01	9.8590128e-02	-3.0560399e+01	3.7196680e-03	-1.3930656e+02
-6.1087087e+00	1.4046580e-01	-1.0671372e+01	1.3383302e-01	-1.3740526e+01	1.2604725e-01	-1.7502651e+01	1.1661383e-01	-2.3128715e+01	1.0573077e-01	-2.9521628e+01	3.7523841e-03	-1.5109634e+02
-5.8087087e+00	1.5155422e-01	-1.0069356e+01	1.4523339e-01	-1.2773010e+01	1.3711082e-01	-1.6616933e+01	1.2787564e-01	-2.1682706e+01	1.1657986e-01	-2.7873062e+01	1.0168334e-02	-1.2087132e+02
-5.5087087e+00	1.6951320e-01	-9.1020207e+00	1.6377996e-01	-1.1856044e+01	1.5503424e-01	-1.4934797e+01	1.4608571e-01	-1.9684680e+01	1.3420780e-01	-2.5125428e+01	1.1268431e-02	-1.0708623e+02
-5.2087087e+00	1.8319922e-01	-8.4112593e+00	1.7683681e-01	-1.0967084e+01	1.6870412e-01	-1.4187732e+01	1.5836135e-01	-1.8547531e+01	1.4601481e-01	-2.3255921e+01	1.5748841e-02	-9.8172298e+01
-4.9087087e+00	1.9919745e-01	-7.9947245e+00	1.9254639e-01	-1.0242660e+01	1.8409427e-01	-1.3469080e+01	1.7373954e-01	-1.7508576e+01	1.6128567e-01	-2.2076043e+01	1.9240389e-02	-8.6964838e+01
-4.6087087e+00	2.2600459e-01	-7.2703518e+00	2.1930241e-01	-9.2336816e+00	2.0999855e-01	-1.1893824e+01	2.0040538e-01	-1.5500830e+01	1.8707036e-01	-2.0004222e+01	2.9269902e-02	-8.5125285e+01
-4.3087087e+00	2.5600366e-01	-6.5880383e+00	2.4919912e-01	-8.3895020e+00	2.4192280e-01	-1.0777806e+01	2.2979221e-01	-1.3957760e+01	2.1669388e-01	-1.8072061e+01	4.0910914e-02	-7.5470010e+01
-4.0087087e+00	2.7510665e-01	-6.1185047e+00	2.6855799e-01	-7.9287326e+00	2.5896943e-01	-1.0301433e+01	2.4898453e-01	-1.3277298e+01	2.3376638e-01	-1.7181884e+01	4.8052269e-02	-7.5709918e+01
-3.7087087e+00	3.0996343e-01	-5.6234739e+00	3.0352200e-01	-7.3106080e+00	2.9460155e-01	-9.3229718e+00	2.8215822e-01	-1.2218914e+01	2.6872345e-01	-1.5779162e+01	6.3520790e-02	-7.1068561e+01
-3.4087087e+00	3.3369994e-01	-5.3494932e+00	3.2646291e-01	-6.8417514e+00	3.1760985e-01	-8.9670107e+00	3.0623093e-01	-1.1530126e+01	2.8977090e-01	-1.4833516e+01	7.7096064e-02	-6.8330335e+01
-3.1087087e+00	3.7963244e-01	-4.7368900e+00	3.7271620e-01	-6.1417717e+00	3.6361820e-01	-8.1753373e+00	3.5105465e-01	-1.0290822e+01	3.3556424e-01	-1.3542222e+01	9.9920098e-02	-6.6473697e+01
-2.8087087e+00	4.1805331e-01	-4.3216556e+00	4.1071819e-01	-5.5895434e+00	4.0172521e-01	-7.2678283e+00	3.9003650e-01	-9.6121027e+00	3.7221528e-01	-1.2546287e+01	1.2049852e-01	-6.3385008e+01
-2.5087087e+00	4.7495395e-01	-3.9485882e+00	4.6786777e-01	-5.1144204e+00	4.5886359e-01	-6.6609519e+00	4.4685295e-01	-8.7105804e+00	4.3045572e-01	-1.1279422e+01	1.5308362e-01	-6.1689659e+01
-2.2087087e+00	5.1804482e-01	-3.6768168e+00	5.1056831e-01	-4.7021735e+00	5.0034932e-01	-6.3169391e+00	4.8897357e-01	-8.1260993e+00	4.7214543e-01	-1.0684845e+01	1.7494876e-01	-6.0781415e+01
-1.9087087e+00	5.7192479e-01	-3.3481662e+00	5.6486753e-01	-4.3753523e+00	5.5551396e-01	-5.8029116e+00	5.4150674e-01	-7.6296601e+00	5.2527052e-01	-9.8365449e+00	2.0982114e-01	-5.9027613e+01
-1.6087087e+00	6.1347792e-01	-3.2079885e+00	6.0567354e-01	-4.1553785e+00	5.9607675e-01	-5.4713596e+00	5.8221396e-01	-7.1980092e+00	5.6549525e-01	-9.4590453e+00	2.3114013e-01	-5.7843478e+01
-1.3087087e+00	6.6124182e-01	-3.0434741e+00	6.5440215e-01	-4.0104510e+00	6.4402895e-01	-5.3711048e+00	6.3021784e-01	-6.8036130e+00	6.1366655e-01	-9.0344896e+00	2.5872009e-01	-5.6449730e+01
-1.0087087e+00	6.8751203e-01	-2.9797822e+00	6.7995869e-01	-3.8621731e+00	6.7091625e-01	-5.1055241e+00	6.5673639e-01	-6.7826820e+00	6.3880134e-01	-8.7560749e+00	2.7423320e-01	-5.5989975e+01
-7.0870871e-01	7.1789778e-01	-2.8829652e+00	7.1008328e-01	-3.7431683e+00	7.0078832e-01	-5.0728252e+00	6.8744045e-01	-6.5525787e+00	6.6825067e-01	-8.5699002e+00	2.9132085e-01	-5.5374940e+01
-4.0870871e-01	7.3715030e-01	-2.8439861e+00	7.2905366e-01	-3.6356509e+00	7.1958589e-01	-4.9394038e+00	7.0462717e-01	-6.4411649e+00	6.8710155e-01	-8.4136705e+00	3.0242546e-01	-5.5669032e+01
-1.0870871e-01	7.5000301e-01	-2.8001448e+00	7.4231955e-01	-3.6433704e+00	7.3156934e-01	-4.8021703e+00	7.1680967e-01	-6.3647164e+00	6.9950507e-01	-8.3112311e+00	3.0925944e-01	-5.5681448e+01
1.9129129e-01	7.4465156e-01	-2.8167032e+00	7.3669444e-01	-3.6151405e+00	7.2739910e-01	-4.9084203e+00	7.1068909e-01	-6.3969505e+00	6.9465403e-01	-8.4188529e+00	3.0728859e-01	-5.5351185e+01
4.9129129e-01	7.3322089e-01	-2.8821084e+00	7.2537368e-01	-3.7139769e+00	7.1460892e-01	-4.9415283e+00	7.0100898e-01	-6.4638554e+00	6.8338410e-01	-8.4175848e+00	3.0184188e-01	-5.5882263e+01
7.9129129e-01	7.1480098e-01	-2.8903272e+00	7.0638726e-01	-3.7289054e+00	6.9669752e-01	-4.8673894e+00	6.8196612e-01	-6.5259777e+00	6.6505788e-01	-8.5197380e+00	2.9111556e-01	-5.6218974e+01
1.0912913e+00	6.8269344e-01	-2.9653024e+00	6.7498568e-01	-3.8085471e+00	6.6559196e-01	-5.1385960e+00	6.5156125e-01	-6.6931688e+00	6.3563187e-01	-8.6710135e+00	2.7204245e-01	-5.7048441e+01
1.3912913e+00	6.4021883e-01	-3.0915727e+00	6.3229375e-01	-4.0027314e+00	6.2357752e-01	-5.2913651e+00	6.0939184e-01	-6.9593453e+00	5.9308630e-01	-9.0938455e+00	2.4551736e-01	-5.7443931e+01
1.6912913e+00	6.0402588e-01	-3.1685262e+00	5.9775390e-01	-4.1937270e+00	5.8893166e-01	-5.5735171e+00	5.7459936e-01	-7.2194272e+00	5.5816594e-01	-9.4923624e+00	2.2638675e-01	-5.8473582e+01
1.9912913e+00	5.5971351e-01	-3.3849354e+00	5.5189786e-01	-4.4068339e+00	5.4280006e-01	-5.8919098e+00	5.2859323e-01	-7.7319386e+00	5.1283437e-01	-1.0153957e+01	1.9611789e-01	-5.9263496e+01
2.2912913e+00	5.1953860e-01	-3.6653282e+00	5.1118200e-01	-4.7643945e+00	5.0271850e-01	-6.1450890e+00	4.8869647e-01	-8.1407943e+00	4.7430056e-01	-1.0628675e+01	1.7456675e-01	-5.9622549e+01
2.5912913e+00	4.7305115e-01	-3.9148406e+00	4.6516335e-01	-5.1665549e+00	4.5649690e-01	-6.7409892e+00	4.4172240e-01	-8.6556740e+00	4.2694918e-01	-1.1427274e+01	1.5009744e-01	-6.1906460e+01
2.8912913e+00	4.2054397e-01	-4.3605343e+00	4.1335855e-01	-5.6043216e+00	4.0409265e-01	-7.3446781e+00	3.9151522e-01	-9.6264690e+00	3.7698234e-01	-1.2284919e+01	1.2031653e-01	-6.3312712e+01
3.1912913e+00	3.8793070e-01	-4.6251222e+00	3.8058717e-01	-6.0356431e+00	3.7186742e-01	-7.9047216e+00	3.5816952e-01	-1.0097562e+01	3.4446009e-01	-1.3154444e+01	1.0559907e-01	-6.5603718e+01
3.4912913e+00	3.3688767e-01	-5.1084529e+00	3.2924275e-01	-6.7439288e+00	3.2004640e-01	-8.5558683e+00	3.0879063e-01	-1.1181215e+01	2.9420217e-01	-1.4516087e+01	7.8723140e-02	-6.7323070e+01
3.7912913e+00	3.0826284e-01	-5.3862095e+00	3.0085451e-01	-7.1709881e+00	2.9312502e-01	-9.1393498e+00	2.8016792e-01	-1.1913220e+01	2.6707128e-01	-1.5605736e+01	6.5512556e-02	-6.9825702e+01
4.0912913e+00	2.7285009e-01	-6.0226504e+00	2.6588333e-01	-7.8588571e+00	2.5688743e-01	-1.0049331e+01	2.4609895e-01	-1.3043869e+01	2.3075296e-01	-1.7054249e+01	5.1003303e-02	-7.2036745e+01
4.3912913e+00	2.4701750e-01	-6.5807225e+00	2.4013068e-01	-8.5605443e+00	2.3149933e-01	-1.0965381e+01	2.1990609e-01	-1.4159180e+01	2.0802675e-01	-1.8176231e+01	3.8351503e-02	-7.9001823e+01
4.6912913e+00	2.2167422e-01	-7.2065174e+00	2.1479441e-01	-9.4934622e+00	2.0489800e-01	-1.2262206e+01	1.9560363e-01	-1.5913604e+01	1.8229697e-01	-2.0297895e+01	3.0356007e-02	-8.1791451e+01
4.9912913e+00	1.9830939e-01	-7.8916833e+00	1.9193882e-01	-1.0163776e+01	1.8322025e-01	-1.3506814e+01	1.7300681e-01	-1.7298018e+01	1.6197680e-01	-2.1637367e+01	2.1971267e-02	-8.4465872e+01
5.2912913e+00	1.8023838e-01	-8.4543627e+00	1.7392620e-01	-1.0876603e+01	1.6554223e-01	-1.4347247e+01	1.5541205e-01	-1.8149610e+01	1.4380800e-01	-2.3422517e+01	1.2785924e-02	-8.6938077e+01
5.5912913e+00	1.6393834e-01	-9.2235191e+00	1.5783517e-01	-1.1888511e+01	1.5021085e-01	-1.5608439e+01	1.3957533e-01	-2.0356283e+01	1.2773842e-01	-2.5577757e+01	9.2884391e-03	-1.0649734e+02
5.8912913e+00	1.5154964e-01	-1.0133085e+01	1.4547068e-01	-1.2818795e+01	1.3756134e-01	-1.6725087e+01	1.2750669e-01	-2.1292339e+01	1.1663312e-01	-2.7654160e+01	7.4689695e-03	-1.0007856e+02
6.1912913e+00	1.3874209e-01	-1.0783196e+01	1.3281927e-01	-1.3904059e+01	1.2404835e-01	-1.7525322e+01	1.1613348e-01	-2.3085052e+01	1.0490967e-01	-2.9715919e+01	6.2618704e-03	-1.1103121e+02
6.4912913e+00	1.3015372e-01	-1.1260170e+01	1.2387186e-01	-1.4302959e+01	1.1550309e-01	-1.8531163e+01	1.0716582e-01	-2.3957490e+01	9.7481119e-02	-3.0864628e+01	4.9116617e-03	-1.2594232e+02
6.7912913e+00	1.2035572e-01	-1.1957454e+01	1.1488790e-01	-1.5311772e+01	1.0600636e-01	-1.9780485e+01	9.8941822e-02	-2.5619007e+01	8.8238993e-02	-3.2744381e+01	2.6317418e-03	-1.4133815e+02
7.0912913e+00	1.1107784e-01	-1.2865460e+01	1.0496432e-01	-1.6401824e+01	9.7517742e-02	-2.1300482e+01	8.9889389e-02	-2.7326739e+01	7.8557189e-02	-3.4902997e+01	2.3513184e-03	-1.5742565e+02
7.3912913e+00	1.0480213e-01	-1.3467675e+01	9.8545091e-02	-1.7207488e+01	9.1429056e-02	-2.2302930e+01	8.3358048e-02	-2.9310724e+01	7.3092136e-02	-3.5979192e+01	2.9383936e-03	-2.6202201e+01
7.6912913e+00	9.6663507e-02	-1.3891158e+01	9.1289551e-02	-1.8166363e+01	8.4394908e-02	-2.3626701e+01	7.6066935e-02	-2.9917804e+01	6.7872263e-02	-3.8986249e+01	4.6199452e-03	-1.5256159e+02
7.9912913e+00	9.1939257e-02	-1.4589742e+01	8.6788445e-02	-1.8794690e+01	7.9887138e-02	-2.4344361e+01	7.1310637e-02	-3.1767783e+01	6.2105790e-02	-4.0273948e+01	1.1438668e-03	-7.7176601e+01
